0 0.34375 0.5087890625 0.0640625 0.126953125
0 0.26171875 0.50439453125 0.084375 0.1123046875
0 0.11171875 0.5390625 0.0875 0.13671875
0 0.07890625 0.3671875 0.0765625 0.091796875
0 0.140625 0.3603515625 0.0640625 0.09375
0 0.366796875 0.3193359375 0.02734375 0.033203125
0 0.396484375 0.3212890625 0.02734375 0.0390625
0 0.43359375 0.322265625 0.0296875 0.041015625
0 0.808984375 0.44873046875 0.04765625 0.0810546875
0 0.961328125 0.310546875 0.03359375 0.06640625
0 0.210546875 0.818359375 0.12265625 0.05859375
0 0.305859375 0.2939453125 0.03046875 0.04296875