0 0.33671875 0.54833984375 0.0703125 0.1201171875
0 0.505078125 0.46533203125 0.05234375 0.1064453125
0 0.577734375 0.4716796875 0.06015625 0.109375
0 0.041796875 0.60302734375 0.08203125 0.1142578125
0 0.060546875 0.54443359375 0.07421875 0.1044921875
0 0.6921875 0.640625 0.0515625 0.103515625
0 0.716015625 0.71630859375 0.07265625 0.1220703125
0 0.780859375 0.62939453125 0.05703125 0.1142578125
0 0.86328125 0.62255859375 0.0546875 0.1025390625
0 0.94765625 0.6845703125 0.0890625 0.1171875
0 0.551171875 0.26123046875 0.03828125 0.0615234375
0 0.903515625 0.23046875 0.02890625 0.060546875
0 0.578515625 0.2041015625 0.02734375 0.056640625
0 0.506640625 0.2919921875 0.02890625 0.046875
0 0.680859375 0.27783203125 0.02734375 0.0576171875
0 0.646875 0.22607421875 0.03125 0.0556640625
0 0.963671875 0.2392578125 0.02890625 0.041015625
0 0.941796875 0.24609375 0.02890625 0.056640625
0 0.93046875 0.25048828125 0.0265625 0.0478515625
0 0.93984375 0.21533203125 0.0296875 0.0302734375