0 0.182421875 0.3134765625 0.06484375 0.08984375
0 0.26484375 0.203125 0.059375 0.068359375
0 0.3765625 0.224609375 0.0359375 0.072265625
0 0.35859375 0.09765625 0.028125 0.0546875
0 0.369140625 0.044921875 0.03359375 0.03515625
0 0.566015625 0.138671875 0.04296875 0.048828125
0 0.7921875 0.9091796875 0.0578125 0.068359375
0 0.909375 0.7001953125 0.05 0.078125
0 0.920703125 0.6279296875 0.04921875 0.08203125
0 0.83359375 0.49462890625 0.0625 0.0751953125
0 0.869140625 0.451171875 0.04609375 0.056640625
0 0.840234375 0.09619140625 0.03515625 0.0595703125
0 0.676953125 0.068359375 0.04140625 0.064453125
0 0.5734375 0.06298828125 0.0421875 0.0595703125
0 0.51796875 0.05810546875 0.0375 0.0517578125
0 0.973046875 0.7412109375 0.05390625 0.08203125