0 0.473046875 0.6533203125 0.07734375 0.11328125
0 0.28046875 0.73681640625 0.075 0.1376953125
0 0.423828125 0.517578125 0.06328125 0.111328125
0 0.5046875 0.443359375 0.0578125 0.0859375
0 0.31015625 0.2841796875 0.04375 0.08203125
0 0.135546875 0.26220703125 0.04140625 0.0673828125
0 0.096484375 0.255859375 0.03359375 0.06640625
0 0.86328125 0.4375 0.0625 0.099609375
0 0.740234375 0.35107421875 0.05703125 0.0849609375
0 0.80703125 0.24365234375 0.03125 0.0595703125
0 0.81953125 0.2216796875 0.028125 0.052734375
0 0.8578125 0.2236328125 0.0375 0.056640625
0 0.8 0.861328125 0.0765625 0.1328125
0 0.940625 0.716796875 0.0859375 0.1484375
0 0.091015625 0.7890625 0.10390625 0.123046875
0 0.02265625 0.40576171875 0.04375 0.0830078125
0 0.03671875 0.365234375 0.0546875 0.0859375
0 0.042578125 0.3046875 0.05859375 0.064453125
0 0.47734375 0.21533203125 0.0515625 0.0712890625
0 0.3984375 0.19189453125 0.040625 0.0654296875