0 0.735546875 0.73291015625 0.07109375 0.0986328125
0 0.262109375 0.39208984375 0.04765625 0.0869140625
0 0.07890625 0.6630859375 0.084375 0.08203125
0 0.07265625 0.3779296875 0.0625 0.060546875
0 0.27265625 0.2392578125 0.0390625 0.056640625
0 0.579296875 0.24658203125 0.03203125 0.0634765625
0 0.596875 0.29833984375 0.040625 0.0751953125
0 0.504296875 0.1826171875 0.02890625 0.052734375
0 0.65546875 0.1904296875 0.034375 0.05859375
0 0.682421875 0.248046875 0.03046875 0.0703125
0 0.6125 0.12060546875 0.0234375 0.0517578125
0 0.915234375 0.349609375 0.04140625 0.068359375
0 0.9375 0.30615234375 0.0390625 0.0673828125
0 0.9 0.212890625 0.0359375 0.056640625
0 0.867578125 0.28564453125 0.03828125 0.0595703125
0 0.986328125 0.3173828125 0.02734375 0.072265625