0 0.58515625 0.59912109375 0.059375 0.1396484375
0 0.6203125 0.5576171875 0.06875 0.12109375
0 0.887890625 0.54833984375 0.06484375 0.1240234375
0 0.884765625 0.45703125 0.05390625 0.08203125
0 0.887890625 0.4853515625 0.05078125 0.091796875
0 0.959375 0.45361328125 0.053125 0.0986328125
0 0.886328125 0.34716796875 0.05078125 0.0771484375
0 0.755859375 0.28515625 0.04609375 0.068359375
0 0.28828125 0.38623046875 0.0453125 0.0732421875
0 0.255859375 0.41357421875 0.04453125 0.0712890625
0 0.563671875 0.2255859375 0.04609375 0.048828125
0 0.55390625 0.2021484375 0.03125 0.044921875
0 0.5796875 0.986328125 0.05625 0.02734375