0 0.1984375 0.58349609375 0.0859375 0.1748046875
0 0.528515625 0.49462890625 0.06484375 0.1455078125
0 0.430859375 0.4853515625 0.06640625 0.138671875
0 0.758203125 0.81005859375 0.13984375 0.2451171875
0 0.73984375 0.6240234375 0.08125 0.16796875
0 0.835546875 0.59326171875 0.08515625 0.1552734375
0 0.93125 0.58544921875 0.0703125 0.1357421875
0 0.984765625 0.62060546875 0.03046875 0.1494140625
0 0.88984375 0.34228515625 0.0359375 0.0517578125
0 0.794140625 0.33251953125 0.03359375 0.0556640625
0 0.592578125 0.41015625 0.03203125 0.037109375
0 0.431640625 0.3544921875 0.04453125 0.048828125
0 0.409765625 0.3837890625 0.04453125 0.06640625
0 0.35078125 0.39990234375 0.053125 0.0791015625
0 0.775 0.3408203125 0.015625 0.033203125