0 0.1828125 0.59521484375 0.1 0.1396484375
0 0.3140625 0.5517578125 0.0796875 0.12890625
0 0.71796875 0.65087890625 0.0765625 0.1533203125
0 0.856640625 0.63232421875 0.09296875 0.1318359375
0 0.955078125 0.7568359375 0.08984375 0.15234375
0 0.315625 0.22265625 0.03125 0.048828125
0 0.21953125 0.42138671875 0.0515625 0.1201171875
0 0.27421875 0.4013671875 0.0546875 0.091796875
0 0.396875 0.2548828125 0.0375 0.0546875
0 0.345703125 0.21923828125 0.02578125 0.0439453125
0 0.165234375 0.2880859375 0.03515625 0.064453125
0 0.07578125 0.35888671875 0.0453125 0.0673828125
0 0.611328125 0.34814453125 0.04609375 0.0791015625
0 0.666796875 0.35986328125 0.04140625 0.0771484375
0 0.728125 0.38427734375 0.0453125 0.0830078125
0 0.730078125 0.33642578125 0.03671875 0.0810546875
0 0.747265625 0.34375 0.03203125 0.07421875
0 0.815625 0.32470703125 0.0375 0.0576171875
0 0.81875 0.345703125 0.0328125 0.060546875
0 0.8421875 0.31298828125 0.0296875 0.0634765625