0 0.53515625 0.5849609375 0.0859375 0.14453125
0 0.53828125 0.662109375 0.0890625 0.15625
0 0.1234375 0.60693359375 0.1234375 0.1123046875
0 0.162890625 0.546875 0.07109375 0.130859375
0 0.265625 0.775390625 0.16875 0.15625
0 0.338671875 0.33349609375 0.05703125 0.0673828125
0 0.551953125 0.3271484375 0.04140625 0.05859375
0 0.573046875 0.30224609375 0.02734375 0.0576171875
0 0.696875 0.3583984375 0.0359375 0.080078125
0 0.751953125 0.36083984375 0.03671875 0.0751953125
0 0.9671875 0.41015625 0.0609375 0.109375
0 0.990625 0.45654296875 0.01875 0.0849609375
0 0.858203125 0.26611328125 0.02734375 0.0517578125
0 0.82578125 0.263671875 0.025 0.0546875
0 0.9734375 0.2646484375 0.0296875 0.03515625