0 0.644140625 0.2158203125 0.03984375 0.046875
0 0.7046875 0.20703125 0.0265625 0.064453125
0 0.7265625 0.123046875 0.0390625 0.0546875
0 0.884375 0.14404296875 0.025 0.0478515625
0 0.9234375 0.1220703125 0.028125 0.06640625
0 0.72265625 0.04736328125 0.021875 0.0400390625
0 0.384765625 0.27734375 0.04765625 0.05859375
0 0.29296875 0.265625 0.0421875 0.060546875
0 0.16796875 0.662109375 0.0484375 0.064453125
0 0.31328125 0.791015625 0.059375 0.0546875
0 0.356640625 0.7255859375 0.05234375 0.05859375
0 0.621484375 0.58544921875 0.05234375 0.0595703125
0 0.9203125 0.75 0.059375 0.068359375