0 0.703515625 0.21435546875 0.03203125 0.0458984375
0 0.727734375 0.2666015625 0.04453125 0.056640625
0 0.628515625 0.2998046875 0.03046875 0.048828125
0 0.5140625 0.35693359375 0.04375 0.0673828125
0 0.466796875 0.3505859375 0.02890625 0.06640625
0 0.758203125 0.32470703125 0.04609375 0.0634765625
0 0.809375 0.26611328125 0.0375 0.0458984375
0 0.8375 0.15576171875 0.025 0.0673828125
0 0.81171875 0.11767578125 0.0296875 0.0517578125
0 0.671484375 0.12060546875 0.02578125 0.0517578125
0 0.1421875 0.5087890625 0.05 0.07421875
0 0.215625 0.5 0.0515625 0.072265625
0 0.101953125 0.5546875 0.05390625 0.072265625
0 0.0640625 0.56640625 0.053125 0.08203125
0 0.5765625 0.2373046875 0.0265625 0.04296875
0 0.500390625 0.84033203125 0.06484375 0.0888671875