0 0.303125 0.27685546875 0.0375 0.0576171875
0 0.165234375 0.32763671875 0.03046875 0.0556640625
0 0.25546875 0.32177734375 0.0296875 0.0556640625
0 0.607421875 0.33349609375 0.04296875 0.0830078125
0 0.587890625 0.3125 0.03046875 0.07421875
0 0.726171875 0.27783203125 0.03515625 0.0615234375
0 0.75859375 0.3896484375 0.05625 0.091796875
0 0.830859375 0.32470703125 0.03359375 0.0634765625
0 0.7109375 0.54052734375 0.0734375 0.1240234375
0 0.771875 0.5126953125 0.06875 0.111328125
0 0.8375 0.53857421875 0.065625 0.1259765625
0 0.889453125 0.49755859375 0.06484375 0.0966796875