0 0.412109375 0.6455078125 0.08359375 0.119140625
0 0.266796875 0.71728515625 0.09921875 0.1416015625
0 0.558984375 0.552734375 0.07265625 0.1328125
0 0.4046875 0.4697265625 0.0453125 0.0703125
0 0.34609375 0.42431640625 0.0640625 0.0615234375
0 0.5578125 0.33056640625 0.0390625 0.0732421875
0 0.382421875 0.26904296875 0.03984375 0.0615234375
0 0.282421875 0.271484375 0.05234375 0.056640625
0 0.357421875 0.23095703125 0.03828125 0.0595703125
0 0.639453125 0.29736328125 0.04921875 0.0615234375
0 0.6953125 0.3046875 0.040625 0.078125
0 0.7984375 0.47314453125 0.059375 0.1220703125
0 0.71015625 0.4716796875 0.071875 0.109375
0 0.1609375 0.67578125 0.0765625 0.099609375
0 0.164453125 0.76806640625 0.08046875 0.1240234375