0 0.156640625 0.48681640625 0.06015625 0.0732421875
0 0.21484375 0.44140625 0.053125 0.087890625
0 0.2734375 0.35546875 0.0421875 0.076171875
0 0.41015625 0.25439453125 0.0328125 0.0439453125
0 0.5265625 0.20751953125 0.0265625 0.0537109375
0 0.801953125 0.30517578125 0.03203125 0.0576171875
0 0.75625 0.26904296875 0.0359375 0.0693359375
0 0.893359375 0.28369140625 0.03515625 0.0712890625
0 0.86875 0.23779296875 0.0328125 0.0615234375
0 0.921875 0.22412109375 0.0296875 0.0517578125
0 0.934375 0.30908203125 0.0421875 0.0771484375
0 0.820703125 0.51220703125 0.04921875 0.0966796875
0 0.940625 0.5244140625 0.059375 0.09375
0 0.96328125 0.5146484375 0.053125 0.091796875