0 0.18828125 0.5283203125 0.075 0.1015625
0 0.335546875 0.5322265625 0.06328125 0.08984375
0 0.3890625 0.58349609375 0.0703125 0.0927734375
0 0.108203125 0.40234375 0.06328125 0.080078125
0 0.159765625 0.36181640625 0.07109375 0.0791015625
0 0.01875 0.28466796875 0.0359375 0.0732421875
0 0.211328125 0.181640625 0.06015625 0.064453125
0 0.6125 0.18701171875 0.05 0.0693359375
0 0.732421875 0.27392578125 0.04296875 0.0712890625
0 0.789453125 0.25634765625 0.04609375 0.0732421875
0 0.6625 0.59716796875 0.0671875 0.0673828125
0 0.745703125 0.87353515625 0.06484375 0.0927734375
0 0.770703125 0.96435546875 0.06640625 0.0712890625
0 0.919140625 0.97216796875 0.06640625 0.0556640625
0 0.816015625 0.49853515625 0.06171875 0.0712890625
0 0.9328125 0.44873046875 0.05 0.0556640625
0 0.833984375 0.39892578125 0.04609375 0.0751953125
0 0.855078125 0.359375 0.03671875 0.06640625
0 0.584765625 0.1044921875 0.03359375 0.048828125
0 0.41171875 0.0888671875 0.034375 0.060546875
0 0.985546875 0.4345703125 0.02890625 0.068359375
0 0.205078125 0.7939453125 0.08046875 0.10546875