0 0.424609375 0.51953125 0.05546875 0.126953125
0 0.371484375 0.48583984375 0.06171875 0.1240234375
0 0.2484375 0.46923828125 0.0890625 0.1142578125
0 0.1890625 0.37451171875 0.0421875 0.0673828125
0 0.29375 0.3125 0.0375 0.05859375
0 0.196875 0.328125 0.0296875 0.068359375
0 0.445703125 0.244140625 0.02734375 0.046875
0 0.475 0.244140625 0.0234375 0.041015625
0 0.901953125 0.3818359375 0.03515625 0.060546875
0 0.850390625 0.3037109375 0.02421875 0.046875
0 0.865625 0.31298828125 0.0140625 0.0341796875
0 0.87890625 0.32275390625 0.025 0.0439453125
0 0.894140625 0.31640625 0.03359375 0.0625
0 0.92265625 0.685546875 0.0765625 0.142578125
0 0.975390625 0.49853515625 0.04921875 0.0927734375
0 0.9921875 0.44482421875 0.015625 0.0927734375