0 0.228125 0.57373046875 0.0671875 0.1005859375
0 0.4078125 0.2734375 0.046875 0.068359375
0 0.566796875 0.279296875 0.04140625 0.068359375
0 0.49765625 0.3798828125 0.0546875 0.068359375
0 0.633984375 0.4892578125 0.04921875 0.095703125
0 0.955078125 0.2509765625 0.03828125 0.060546875
0 0.94609375 0.2958984375 0.04375 0.05859375
0 0.9453125 0.34765625 0.040625 0.080078125
0 0.66484375 0.17578125 0.0328125 0.072265625
0 0.68671875 0.1533203125 0.03125 0.064453125
0 0.79609375 0.08251953125 0.0265625 0.0556640625
0 0.844921875 0.130859375 0.02734375 0.06640625
0 0.888671875 0.14404296875 0.02890625 0.0654296875
0 0.767578125 0.05712890625 0.02578125 0.0556640625