0 0.348828125 0.56787109375 0.06953125 0.0712890625
0 0.409375 0.49560546875 0.0671875 0.0751953125
0 0.610546875 0.623046875 0.05859375 0.076171875
0 0.610546875 0.720703125 0.05390625 0.0859375
0 0.197265625 0.64599609375 0.07265625 0.0830078125
0 0.448046875 0.32763671875 0.05234375 0.0947265625
0 0.468359375 0.1875 0.03671875 0.07421875
0 0.2953125 0.13232421875 0.04375 0.0732421875
0 0.155859375 0.193359375 0.04140625 0.07421875
0 0.152734375 0.1533203125 0.05078125 0.07421875
0 0.025 0.115234375 0.0484375 0.068359375
0 0.855859375 0.3818359375 0.05390625 0.064453125
0 0.7234375 0.52978515625 0.0625 0.0751953125
0 0.7453125 0.6083984375 0.0671875 0.0546875
0 0.902734375 0.1103515625 0.03984375 0.0625
0 0.79609375 0.04736328125 0.03125 0.0419921875