0 0.465234375 0.5078125 0.05703125 0.099609375
0 0.666796875 0.58544921875 0.04765625 0.0927734375
0 0.587890625 0.4326171875 0.06484375 0.06640625
0 0.619140625 0.36865234375 0.06171875 0.0693359375
0 0.77421875 0.3115234375 0.0375 0.083984375
0 0.526171875 0.80078125 0.07265625 0.09765625
0 0.166796875 0.3330078125 0.06015625 0.07421875
0 0.2796875 0.13671875 0.0578125 0.080078125
0 0.14140625 0.111328125 0.0578125 0.076171875
0 0.1984375 0.0947265625 0.0515625 0.0703125
0 0.938671875 0.64501953125 0.07578125 0.0712890625
0 0.851953125 0.080078125 0.03828125 0.05859375
0 0.591796875 0.07666015625 0.04609375 0.0517578125
0 0.811328125 0.05322265625 0.03671875 0.0498046875