0 0.701953125 0.6171875 0.05703125 0.115234375
0 0.662109375 0.7265625 0.05859375 0.119140625
0 0.774609375 0.64990234375 0.05390625 0.1201171875
0 0.7296875 0.5615234375 0.04375 0.09765625
0 0.672265625 0.298828125 0.03515625 0.083984375
0 0.269921875 0.3515625 0.04453125 0.078125
0 0.22265625 0.3232421875 0.046875 0.087890625
0 0.549609375 0.166015625 0.03203125 0.048828125
0 0.844921875 0.12890625 0.02421875 0.060546875
0 0.818359375 0.1123046875 0.02734375 0.0625
0 0.7953125 0.10546875 0.025 0.056640625
0 0.980078125 0.34619140625 0.03828125 0.0849609375