0 0.596875 0.6025390625 0.05625 0.109375
0 0.765234375 0.56201171875 0.06328125 0.1025390625
0 0.83046875 0.61083984375 0.053125 0.0888671875
0 0.383984375 0.41064453125 0.05703125 0.0986328125
0 0.34375 0.38818359375 0.05 0.0908203125
0 0.2546875 0.28125 0.046875 0.068359375
0 0.1375 0.2744140625 0.0671875 0.07421875
0 0.416796875 0.2724609375 0.04453125 0.078125
0 0.458203125 0.25634765625 0.03359375 0.0693359375
0 0.362109375 0.18115234375 0.03984375 0.0498046875
0 0.787890625 0.3271484375 0.04453125 0.078125
0 0.70078125 0.271484375 0.0328125 0.076171875
0 0.73203125 0.29833984375 0.0484375 0.0673828125
0 0.86796875 0.26318359375 0.034375 0.0693359375
0 0.840234375 0.240234375 0.03203125 0.072265625
0 0.9421875 0.21240234375 0.0375 0.0576171875
0 0.9859375 0.20166015625 0.028125 0.0576171875