0 0.339453125 0.71533203125 0.09453125 0.1845703125
0 0.48359375 0.4931640625 0.0734375 0.109375
0 0.6328125 0.3232421875 0.0421875 0.0703125
0 0.4453125 0.42333984375 0.0421875 0.0615234375
0 0.46328125 0.3896484375 0.040625 0.04296875
0 0.500390625 0.45556640625 0.07421875 0.0751953125
0 0.80703125 0.35546875 0.04375 0.060546875
0 0.955859375 0.2744140625 0.03359375 0.0703125
0 0.74765625 0.220703125 0.034375 0.064453125
0 0.775 0.21435546875 0.03125 0.0576171875
0 0.830859375 0.2236328125 0.03203125 0.056640625
0 0.27265625 0.25634765625 0.0578125 0.0634765625
0 0.22265625 0.193359375 0.0421875 0.064453125
0 0.4171875 0.14892578125 0.0359375 0.0576171875