0 0.29609375 0.59619140625 0.0859375 0.1123046875
0 0.201171875 0.400390625 0.07578125 0.111328125
0 0.072265625 0.3525390625 0.07265625 0.09765625
0 0.1203125 0.32421875 0.0375 0.091796875
0 0.36171875 0.3759765625 0.0484375 0.08984375
0 0.427734375 0.41259765625 0.05546875 0.1064453125
0 0.66484375 0.58056640625 0.0734375 0.1142578125
0 0.744921875 0.66943359375 0.08515625 0.1142578125
0 0.815625 0.61083984375 0.0671875 0.1103515625
0 0.968359375 0.416015625 0.04296875 0.09765625
0 0.8046875 0.2880859375 0.0359375 0.068359375
0 0.84375 0.29931640625 0.0390625 0.0556640625
0 0.6796875 0.2294921875 0.034375 0.0625
0 0.706640625 0.2138671875 0.03828125 0.0546875
0 0.5921875 0.2265625 0.034375 0.046875
0 0.767578125 0.18603515625 0.02734375 0.0654296875
0 0.69609375 0.17041015625 0.0234375 0.0458984375
0 0.662890625 0.1630859375 0.02578125 0.0390625