0 0.332421875 0.75927734375 0.09296875 0.1201171875
0 0.63125 0.65576171875 0.071875 0.0810546875
0 0.688671875 0.74658203125 0.08515625 0.1044921875
0 0.79296875 0.30615234375 0.0375 0.0517578125
0 0.729296875 0.1796875 0.03203125 0.0546875
0 0.190234375 0.4326171875 0.09140625 0.09375
0 0.264453125 0.43603515625 0.07265625 0.0830078125
0 0.340234375 0.38330078125 0.05546875 0.0771484375
0 0.431640625 0.33642578125 0.04140625 0.0791015625
0 0.375 0.22998046875 0.0375 0.0439453125
0 0.415625 0.22265625 0.0328125 0.064453125
0 0.167578125 0.34423828125 0.07265625 0.0732421875
0 0.159375 0.234375 0.05 0.05859375
0 0.225390625 0.23095703125 0.04609375 0.0478515625