0 0.722265625 0.61865234375 0.08671875 0.1533203125
0 0.671484375 0.46630859375 0.05078125 0.0947265625
0 0.541796875 0.39794921875 0.04609375 0.0517578125
0 0.536328125 0.33447265625 0.02421875 0.0380859375
0 0.55703125 0.34228515625 0.021875 0.0341796875
0 0.57890625 0.34228515625 0.0296875 0.0439453125
0 0.47109375 0.3232421875 0.03125 0.041015625
0 0.87109375 0.5234375 0.0484375 0.08984375
0 0.8421875 0.505859375 0.0546875 0.087890625
0 0.79921875 0.51220703125 0.040625 0.0751953125
0 0.8875 0.4765625 0.0453125 0.08203125