2 0.4921875 0.48828125 0.042724609375 0.19440406976744187
2 0.62060546875 0.5446039244186046 0.05718994140625 0.13955759447674418
2 0.6572265625 0.22177053052325582 0.0274810791015625 0.09175145348837209
2 0.43310546875 0.5623183139534884 0.047607421875 0.13762718023255813
2 0.58203125 0.3093204941860465 0.044525146484375 0.09805368822674419
2 0.303955078125 0.45217114825581395 0.03839111328125 0.11900436046511628
2 0.84033203125 0.6917696220930233 0.04931640625 0.14977743459302326
2 0.85791015625 0.5091751453488372 0.033660888671875 0.11576807776162791
2 0.89990234375 0.45489643895348836 0.039276123046875 0.08221293604651163
2 0.447265625 0.087890625 0.022247314453125 0.06779160610465117
2 0.10650634765625 0.15443313953488372 0.029541015625 0.08772029433139535
2 0.8828125 0.4928234011627907 0.02880859375 0.09521484375
2 0.6328125 0.9474927325581395 0.0535888671875 0.0958961664244186
2 0.818359375 0.20916606104651161 0.0225830078125 0.04684093386627907
2 0.55029296875 0.48601017441860467 0.045013427734375 0.12252452761627906