2 0.65234375 0.26185501453488375 0.038116455078125 0.12683957122093023
2 0.51806640625 0.2256313590116279 0.033843994140625 0.09538517441860465
2 0.66357421875 0.15193495639534885 0.030914306640625 0.08022574491279069
2 0.59814453125 0.1565906613372093 0.043121337890625 0.08266715116279069
2 0.09271240234375 0.5305232558139535 0.056976318359375 0.08891260901162791
2 0.184326171875 0.3170421511627907 0.040008544921875 0.1136673328488372
2 0.50244140625 0.5005450581395349 0.06243896484375 0.1833893531976744
2 0.73974609375 0.8016896802325582 0.058563232421875 0.16908157703488372
2 0.96240234375 0.3163608284883721 0.0439453125 0.11661973110465117
2 0.8876953125 0.2534520348837209 0.05560302734375 0.12048055959302326
2 0.0204925537109375 0.4503542877906977 0.040008544921875 0.10384493095930232
2 0.147216796875 0.3801780523255814 0.053314208984375 0.1213889898255814
2 0.72998046875 0.23846293604651161 0.0162811279296875 0.06341978561046512
2 0.409423828125 0.9556686046511628 0.0526123046875 0.08221293604651163