2 0.04583333333333333 0.46166666666666667 0.04833333333333333 0.14333333333333334
2 0.060833333333333336 0.22444444444444445 0.035 0.06666666666666667
2 0.014166666666666666 0.26 0.028333333333333332 0.08
2 0.2011111111111111 0.315 0.044444444444444446 0.07666666666666666
2 0.34055555555555556 0.3561111111111111 0.03333333333333333 0.10333333333333333
2 0.34555555555555556 0.3061111111111111 0.02666666666666667 0.09666666666666666
2 0.3605555555555556 0.27111111111111114 0.01888888888888889 0.06222222222222222
2 0.4905555555555556 0.5105555555555555 0.04888888888888889 0.09888888888888889
2 0.5919444444444445 0.38 0.03388888888888889 0.08222222222222222
2 0.5263888888888889 0.31444444444444447 0.025 0.08222222222222222
2 0.5622222222222222 0.30444444444444446 0.02 0.05333333333333334
2 0.6430555555555556 0.21722222222222223 0.017222222222222222 0.058888888888888886
2 0.7091666666666666 0.38722222222222225 0.03388888888888889 0.09
2 0.715 0.365 0.025555555555555557 0.08333333333333333
2 0.7405555555555555 0.4038888888888889 0.035555555555555556 0.11222222222222222
2 0.8047222222222222 0.4127777777777778 0.04833333333333333 0.10777777777777778