2 0.03638888888888889 0.5205555555555555 0.05277777777777778 0.11888888888888889
2 0.5577777777777778 0.3616666666666667 0.04111111111111111 0.09444444444444444
2 0.6633333333333333 0.29777777777777775 0.024444444444444446 0.07777777777777778
2 0.6905555555555556 0.42277777777777775 0.044444444444444446 0.09888888888888889
2 0.7686111111111111 0.5088888888888888 0.03388888888888889 0.11777777777777777
2 0.7961111111111111 0.5494444444444444 0.042222222222222223 0.12777777777777777
2 0.8391666666666666 0.465 0.03388888888888889 0.11222222222222222
2 0.8016666666666666 0.415 0.022222222222222223 0.027777777777777776
2 0.8327777777777777 0.6916666666666667 0.043333333333333335 0.14555555555555555
2 0.8622222222222222 0.66 0.04111111111111111 0.14222222222222222
2 0.9297222222222222 0.4533333333333333 0.029444444444444443 0.08888888888888889
2 0.4186111111111111 0.22 0.026111111111111113 0.08444444444444445
2 0.39666666666666667 0.1661111111111111 0.017777777777777778 0.06333333333333334
2 0.5475 0.17277777777777778 0.017222222222222222 0.058888888888888886
2 0.6127777777777778 0.19833333333333333 0.016666666666666666 0.04555555555555556
2 0.2758333333333333 0.1761111111111111 0.026111111111111113 0.06777777777777778
2 0.050277777777777775 0.7805555555555556 0.04722222222222222 0.1388888888888889