2 0.373779296875 0.7072129360465116 0.04638671875 0.14625726744186046
2 0.6201171875 0.7044876453488372 0.052825927734375 0.15057231104651161
2 0.34521484375 0.5477834302325582 0.046722412109375 0.11809593023255814
2 0.6650390625 0.2294921875 0.0229339599609375 0.07131177325581395
2 0.95751953125 0.25640443313953487 0.042724609375 0.08005541424418605
2 0.31982421875 0.3358920784883721 0.024139404296875 0.09038880813953488
2 0.53369140625 0.3093204941860465 0.02508544921875 0.09555550508720931
2 0.74462890625 0.22642623546511628 0.033721923828125 0.08175872093023256
2 0.399658203125 0.09521484375 0.0136871337890625 0.036819812863372096
2 0.79931640625 0.23732739825581395 0.033203125 0.06177325581395349
2 0.515625 0.33430232558139533 0.032958984375 0.09124046148255814
2 0.0762939453125 0.7108466569767442 0.055206298828125 0.1468250363372093