2 0.2775885416666667 0.592296511627907 0.02465625 0.047383720930232555
2 0.6069322916666666 0.42968992248062016 0.02346875 0.027722868217054265
2 0.66015625 0.5514147286821705 0.02323958333333333 0.030513565891472867
2 0.09875520833333334 0.6872286821705427 0.03482291666666667 0.04939922480620155
2 0.4665520833333333 0.2505038759689922 0.017302083333333333 0.04604651162790698
2 0.58203125 0.5409689922480619 0.016098958333333333 0.039912790697674415
2 0.4494635416666667 0.03886627906976744 0.010984375 0.03437984496124031
2 0.491453125 0.5809399224806201 0.02314583333333333 0.03159883720930232
2 0.8803697916666666 0.3479263565891473 0.023286458333333333 0.045620155038759685
2 0.8374010416666666 0.28978682170542636 0.025713541666666666 0.043062015503875964
2 0.6567395833333334 0.3424806201550388 0.021208333333333333 0.04147286821705426
2 0.4604479166666666 0.36041666666666666 0.023286458333333333 0.04391472868217054
2 0.5 0.15886627906976744 0.019270833333333334 0.042499999999999996
2 0.51953125 0.2875193798449613 0.016984375 0.03648255813953488
2 0.4313958333333333 0.5482364341085271 0.023557291666666664 0.03695736434108527
2 0.059203125 0.4787403100775194 0.031796874999999995 0.031230620155038757
2 0.5610364583333334 0.399031007751938 0.023770833333333335 0.03997093023255814
2 0.5366197916666666 0.27593992248062016 0.019942708333333333 0.039001937984496124
2 0.7255885416666668 0.3379360465116279 0.02546875 0.04414728682170543
2 0.5063489583333334 0.04712209302325582 0.012427083333333333 0.047839147286821704
2 0.46582291666666664 0.14364341085271318 0.018020833333333333 0.04179263565891473
2 0.7817395833333334 0.2782073643410853 0.023958333333333335 0.045620155038759685
2 0.8798854166666668 0.5927519379844961 0.029541666666666667 0.04766472868217054
2 0.10558854166666666 0.5046317829457364 0.021161458333333334 0.04987403100775194
2 0.4497083333333334 0.3231782945736434 0.014838541666666667 0.044738372093023254
2 0.6953125 0.2634496124031008 0.022630208333333336 0.04357558139534884
2 0.35644791666666664 0.5909302325581396 0.029145833333333333 0.040368217054263564
2 0.6171875 0.6871802325581395 0.03125 0.06944767441860465
2 0.7041041666666668 0.3163565891472868 0.025130208333333334 0.0472093023255814
2 0.67578125 0.13909883720930233 0.014390624999999999 0.03974806201550388