2 0.313232421875 0.4383175872093023 0.04168701171875 0.11156658793604651
2 0.262939453125 0.3765443313953488 0.040618896484375 0.10974972747093023
2 0.36279296875 0.5268895348837209 0.03240966796875 0.12048055959302326
2 0.224853515625 0.5287063953488372 0.035491943359375 0.10833030523255814
2 0.1766357421875 0.2511809593023256 0.0258636474609375 0.08096384447674419
2 0.1259765625 0.29705668604651164 0.03704833984375 0.08005541424418605
2 0.410888671875 0.5945675872093024 0.0504150390625 0.12366006540697674
2 0.062103271484375 0.26276344476744184 0.0328369140625 0.08874227834302326
2 0.25146484375 0.15193495639534885 0.03143310546875 0.09328442950581395
2 0.423583984375 0.5073582848837209 0.044769287109375 0.12752089389534885
2 0.544921875 0.8053234011627907 0.06646728515625 0.17339662063953487
2 0.1339111328125 0.6136446220930233 0.038909912109375 0.06381722383720931
2 0.1187744140625 0.38880813953488375 0.0305023193359375 0.08970748546511628
2 0.444091796875 0.1761219113372093 0.027069091796875 0.07687590843023256
2 0.396484375 0.3047783430232558 0.037109375 0.08743640988372094
2 0.47119140625 0.07784111555232558 0.0232391357421875 0.08630087209302326
2 0.373779296875 0.2023528343023256 0.028106689453125 0.07114144258720931
2 0.376220703125 0.2566315406976744 0.0345458984375 0.12161609738372094
2 0.49951171875 0.11684683866279069 0.0197906494140625 0.024314702943313952
2 0.296142578125 0.18475199854651161 0.04168701171875 0.18145893895348839
2 0.954861111111111 0.6266149870801032 0.06076388888888881 0.0872093023255814
2 0.3046875 0.030404024345930234 0.023773193359375 0.01710403797238372