2 0.369140625 0.0701194585755814 0.0318603515625 0.09720203488372094
2 0.3974609375 0.6231831395348837 0.02691650390625 0.07965797601744186
2 0.492919921875 0.11877725290697674 0.0259552001953125 0.08760674055232558
2 0.517578125 0.6081940406976745 0.035552978515625 0.09175145348837209
2 0.372802734375 0.6935864825581395 0.0289764404296875 0.07539970930232558
2 0.634765625 0.5695857558139535 0.03173828125 0.06319267805232558
2 0.84521484375 0.2836573401162791 0.0384521484375 0.08283748183139535
1 0.50537109375 0.4374091569767442 0.0289306640625 0.11139625726744186
2 0.1131591796875 0.7022165697674418 0.06109619140625 0.06438499273255814
2 0.89111328125 0.31408975290697677 0.0401611328125 0.07142532703488372
2 0.369384765625 0.03738758175872093 0.01348114013671875 0.031482785247093026
2 0.37548828125 0.22313317587209303 0.0202484130859375 0.04738031431686047