2 0.08 0.8016666666666666 0.09555555555555556 0.14555555555555555
2 0.21444444444444444 0.6922222222222222 0.07 0.16444444444444445
2 0.2477777777777778 0.8627777777777778 0.06444444444444444 0.2011111111111111
2 0.37694444444444447 0.3988888888888889 0.04388888888888889 0.11333333333333333
2 0.48138888888888887 0.3561111111111111 0.030555555555555555 0.10111111111111111
2 0.43277777777777776 0.2916666666666667 0.028888888888888888 0.07888888888888888
2 0.6427777777777778 0.6672222222222223 0.058888888888888886 0.16777777777777778
2 0.6425 0.5311111111111111 0.050555555555555555 0.12
2 0.5497222222222222 0.4633333333333333 0.051666666666666666 0.11777777777777777
2 0.5913888888888889 0.28 0.028333333333333332 0.09777777777777778
2 0.6794444444444444 0.26944444444444443 0.03 0.08555555555555555
2 0.8188888888888889 0.63 0.06666666666666667 0.2111111111111111