2 0.3488888888888889 0.6366666666666667 0.06555555555555556 0.19555555555555557
2 0.22416666666666665 0.7 0.06833333333333333 0.16444444444444445
2 0.10333333333333333 0.7844444444444445 0.06333333333333334 0.13333333333333333
2 0.12277777777777778 0.9133333333333333 0.07111111111111111 0.17333333333333334
2 0.1736111111111111 0.5472222222222223 0.035 0.08777777777777777
2 0.2452777777777778 0.4222222222222222 0.03611111111111111 0.10444444444444445
2 0.23166666666666666 0.3883333333333333 0.042222222222222223 0.09222222222222222
2 0.2975 0.315 0.029444444444444443 0.08555555555555555
2 0.14583333333333334 0.37666666666666665 0.035 0.08666666666666667
2 0.011111111111111112 0.5694444444444444 0.022222222222222223 0.10555555555555556
2 0.5327777777777778 0.49333333333333335 0.03777777777777778 0.12
2 0.5669444444444445 0.26555555555555554 0.03722222222222222 0.1111111111111111
2 0.44083333333333335 0.2588888888888889 0.02388888888888889 0.08888888888888889
2 0.6027777777777777 0.195 0.03222222222222222 0.08555555555555555