2 0.28444444444444444 0.5338888888888889 0.06 0.11
2 0.20722222222222222 0.40444444444444444 0.03666666666666667 0.10888888888888888
2 0.19416666666666665 0.29444444444444445 0.03722222222222222 0.10666666666666667
2 0.32166666666666666 0.3188888888888889 0.035555555555555556 0.08888888888888889
2 0.45805555555555555 0.6005555555555555 0.07611111111111112 0.18777777777777777
2 0.5977777777777777 0.5738888888888889 0.056666666666666664 0.15
2 0.7088888888888889 0.5077777777777778 0.044444444444444446 0.13555555555555557
2 0.7630555555555556 0.6016666666666667 0.05277777777777778 0.1388888888888889
2 0.9447222222222222 0.46 0.050555555555555555 0.12222222222222222
2 0.8836111111111111 0.8861111111111111 0.055 0.17666666666666667
2 0.9116666666666666 0.8144444444444444 0.06 0.18444444444444444
2 0.6402777777777777 0.9544444444444444 0.059444444444444446 0.09111111111111111
2 0.6063888888888889 0.3638888888888889 0.03944444444444444 0.11
2 0.6872222222222222 0.23055555555555557 0.03 0.09
2 0.565 0.22 0.02666666666666667 0.07555555555555556
2 0.8522222222222222 0.21333333333333335 0.025555555555555557 0.07555555555555556
2 0.7908333333333334 0.18166666666666667 0.017222222222222222 0.052222222222222225