2 0.34619140625 0.09124046148255814 0.0266571044921875 0.09396575218023256
2 0.458740234375 0.18929414970930233 0.0289764404296875 0.10157385537790697
2 0.388916015625 0.42128452034883723 0.038970947265625 0.11877725290697674
2 0.424560546875 0.49781976744186046 0.0394287109375 0.08141805959302326
2 0.493408203125 0.0577137082122093 0.0280609130859375 0.07443450218023256
2 0.71875 0.45535065406976744 0.04083251953125 0.06830259811046512
2 0.55517578125 0.5654978197674418 0.0379638671875 0.1136673328488372
2 0.927734375 0.46148255813953487 0.0560302734375 0.08840161700581395
1 0.4912109375 0.5000908430232558 0.0300445556640625 0.1527298328488372
2 0.77685546875 0.4714752906976744 0.038970947265625 0.10424236918604651
2 0.6943359375 0.1178688226744186 0.0287628173828125 0.08658475654069768
2 0.2220458984375 0.560047238372093 0.06463623046875 0.10974972747093023
2 0.56494140625 0.7208393895348837 0.046905517578125 0.08578988008720931
2 0.1278076171875 0.19440406976744187 0.0272674560546875 0.09470385174418605