2 0.60107421875 0.37790697674418605 0.034088134765625 0.09737236555232558
2 0.552734375 0.3926689680232558 0.0297088623046875 0.07994186046511628
1 0.491455078125 0.49236918604651164 0.03228759765625 0.16794603924418605
2 0.46875 0.13410701308139536 0.0221099853515625 0.06750772165697674
2 0.339111328125 0.12184320494186046 0.0192718505859375 0.05760015443313953
2 0.1864013671875 0.13274436773255813 0.02288818359375 0.04562023074127907
2 0.1663818359375 0.24890988372093023 0.03662109375 0.07613780886627906
2 0.40185546875 0.29592114825581395 0.0262603759765625 0.09311409883720931
2 0.245849609375 0.22517714389534885 0.035400390625 0.08374591206395349
2 0.12646484375 0.573219476744186 0.056640625 0.12229742005813954
2 0.499755859375 0.1370594113372093 0.0180206298828125 0.06296557049418605
2 0.3271484375 0.17839298691860464 0.0295867919921875 0.06955168968023256
2 0.396240234375 0.1370594113372093 0.01512908935546875 0.057174327761627904
2 0.6884765625 0.10815997456395349 0.0192718505859375 0.06801871366279069
2 0.228515625 0.13615098110465115 0.0177764892578125 0.05558457485465116
2 0.258544921875 0.14319131540697674 0.0169830322265625 0.038778615552325583
2 0.7041015625 0.8180414244186046 0.053314208984375 0.13126816860465115
2 0.50830078125 0.18838571947674418 0.024383544921875 0.07568359375
2 0.623046875 0.8234920058139535 0.0552978515625 0.14761991279069767