2 0.13833333333333334 0.44166666666666665 0.06 0.13
2 0.3022222222222222 0.32 0.028888888888888888 0.09777777777777778
2 0.3511111111111111 0.6027777777777777 0.06222222222222222 0.1922222222222222
2 0.5444444444444444 0.5894444444444444 0.058888888888888886 0.15
2 0.5188888888888888 0.47944444444444445 0.042222222222222223 0.1322222222222222
2 0.5516666666666666 0.2811111111111111 0.028888888888888888 0.08888888888888889
2 0.6722222222222223 0.35388888888888886 0.03666666666666667 0.12333333333333334
2 0.8363888888888888 0.30944444444444447 0.042777777777777776 0.11444444444444445
2 0.8872222222222222 0.3472222222222222 0.04666666666666667 0.11666666666666667
2 0.9247222222222222 0.435 0.050555555555555555 0.12777777777777777
2 0.8219444444444445 0.20666666666666667 0.02722222222222222 0.07333333333333333
2 0.7780555555555555 0.18722222222222223 0.018333333333333333 0.052222222222222225
2 0.6975 0.1711111111111111 0.02388888888888889 0.07111111111111111
2 0.7494444444444445 0.15777777777777777 0.01888888888888889 0.028888888888888888
2 0.9025 0.7855555555555556 0.07166666666666667 0.17555555555555555
2 0.9694444444444444 0.9527777777777777 0.06111111111111111 0.09444444444444444