2 0.11333333333333333 0.22666666666666666 0.03222222222222222 0.06666666666666667
2 0.22777777777777777 0.195 0.028888888888888888 0.07222222222222222
2 0.29583333333333334 0.24888888888888888 0.030555555555555555 0.09777777777777778
2 0.29083333333333333 0.18222222222222223 0.01611111111111111 0.044444444444444446
2 0.38305555555555554 0.18222222222222223 0.020555555555555556 0.06
2 0.4677777777777778 0.3288888888888889 0.03777777777777778 0.09333333333333334
2 0.5488888888888889 0.2833333333333333 0.02 0.08
2 0.6319444444444444 0.3427777777777778 0.026111111111111113 0.09
2 0.6805555555555556 0.44555555555555554 0.025555555555555557 0.10666666666666667
2 0.7138888888888889 0.3933333333333333 0.024444444444444446 0.09555555555555556
2 0.6877777777777778 0.3466666666666667 0.017777777777777778 0.042222222222222223
2 0.7333333333333333 0.46444444444444444 0.03 0.09777777777777778
2 0.7875 0.5372222222222223 0.04055555555555555 0.11444444444444445
2 0.8066666666666666 0.5738888888888889 0.034444444444444444 0.12777777777777777
2 0.875 0.49333333333333335 0.023333333333333334 0.04888888888888889