2 0.8647447916666666 0.3576937984496124 0.03677604166666667 0.11979651162790697
2 0.7934583333333334 0.27389534883720934 0.03476041666666666 0.08857558139534884
2 0.4099114583333333 0.363827519379845 0.026307291666666666 0.06040697674418605
2 0.23681770833333332 0.31840116279069763 0.05624479166666666 0.10503875968992249
2 0.365234375 0.7839728682170543 0.050140625 0.11786821705426356
2 0.892578125 0.30068798449612405 0.032713541666666665 0.058711240310077524
2 0.8486354166666668 0.2866085271317829 0.015130208333333334 0.06852713178294574
2 0.5205104166666666 0.38585271317829456 0.03802604166666667 0.10974806201550388
2 0.61328125 0.23278100775193797 0.030046874999999997 0.08375
2 0.4633802083333334 0.3808624031007752 0.03726041666666667 0.10174418604651163
2 0.471921875 0.263672480620155 0.02790625 0.06665697674418605
2 0.4829114583333334 0.3120445736434108 0.041776041666666666 0.10253875968992247