1 0.4892578125 0.5023619186046512 0.04638671875 0.2037154796511628
2 0.72119140625 0.4206031976744186 0.029083251953125 0.12366006540697674
2 0.414306640625 0.4485374273255814 0.044677734375 0.10974972747093023
2 0.6435546875 0.33203125 0.0439453125 0.1136673328488372
2 0.6748046875 0.21018804505813954 0.0322265625 0.10310683139534883
2 0.53955078125 0.3742732558139535 0.037689208984375 0.12615824854651161
2 0.2496337890625 0.13933048691860464 0.029205322265625 0.11554097020348837
2 0.05865478515625 0.23130904796511628 0.050323486328125 0.10997683502906977
2 0.58837890625 0.32067587209302323 0.03790283203125 0.12093477470930232
2 0.154052734375 0.3445221656976744 0.05072021484375 0.12116188226744186
2 0.57763671875 0.23130904796511628 0.034820556640625 0.10174418604651163
2 0.849609375 0.25572311046511625 0.033477783203125 0.09663426598837209
2 0.88330078125 0.27820675872093026 0.0455322265625 0.17248819040697674
2 0.76513671875 0.13558321220930233 0.025665283203125 0.07528615552325581
2 0.77294921875 0.6885901162790697 0.049041748046875 0.08658475654069768
2 0.8076171875 0.16170058139534885 0.03436279296875 0.08891260901162791
2 0.32958984375 0.03892055777616279 0.0170440673828125 0.033214480377906974