2 0.658203125 0.05104242369186047 0.021942138671875 0.05760015443313953
2 0.9736328125 0.32453670058139533 0.022247314453125 0.07625136264534883
2 0.58544921875 0.2001953125 0.021331787109375 0.07346929505813954
2 0.62744140625 0.18123183139534885 0.0225372314453125 0.07318541061046512
0 0.2381591796875 0.3894894622093023 0.032958984375 0.09328442950581395
2 0.71484375 0.07755723110465117 0.022979736328125 0.06307912427325581
2 0.630859375 0.44104287790697677 0.0343017578125 0.0694381359011628
0 0.390625 0.5164425872093024 0.03424072265625 0.08113417514534883
2 0.456298828125 0.21949945494186046 0.025421142578125 0.06676962209302326
0 0.1639404296875 0.4251453488372093 0.02947998046875 0.09158112281976744
2 0.931640625 0.3867641715116279 0.03643798828125 0.08482467296511628
2 0.64404296875 0.5082667151162791 0.0413818359375 0.07846566133720931
0 0.62255859375 0.036337209302325583 0.0199432373046875 0.03599654796511628
0 0.64501953125 0.9034338662790697 0.0369873046875 0.11877725290697674
0 0.352783203125 0.6345385174418605 0.040771484375 0.08346202761627906
0 0.70263671875 0.8375726744186046 0.0360107421875 0.11900436046511628
2 0.95166015625 0.28819949127906974 0.037200927734375 0.07443450218023256
2 0.73779296875 0.1025390625 0.0282745361328125 0.08238326671511628
0 0.163818359375 0.8098655523255814 0.03289794921875 0.05904796511627907
0 0.35546875 0.9465843023255814 0.034759521484375 0.08266715116279069
0 0.262451171875 0.7717114825581395 0.06109619140625 0.07074400436046512
2 0.61669921875 0.08987781613372094 0.024932861328125 0.053313499273255814