1 0.5263697916666666 0.5218895348837209 0.0559375 0.21461240310077517
2 0.646484375 0.3876744186046511 0.027067708333333333 0.10066860465116279
2 0.7177760416666668 0.40425387596899226 0.031614583333333335 0.10577519379844962
2 0.4311510416666666 0.389031007751938 0.045869791666666666 0.11343992248062015
2 0.6625989583333334 0.5182558139534884 0.03234895833333333 0.10043604651162791
2 0.438234375 0.26843992248062015 0.028760416666666667 0.12025193798449611
2 0.6791979166666666 0.42673449612403097 0.027588541666666667 0.09379844961240309
2 0.3225104166666667 0.06393410852713179 0.020765625 0.07307170542635659
2 0.16589583333333333 0.37631782945736436 0.03476041666666666 0.11099806201550387
2 0.6943385416666668 0.19304263565891472 0.020447916666666666 0.08266472868217055
2 0.62109375 0.5232558139534884 0.040375 0.07443798449612403
2 0.3532708333333333 0.06415697674418604 0.019197916666666665 0.06614341085271318
2 0.658203125 0.18736434108527134 0.025328125 0.0778391472868217
2 0.6899427083333334 0.6163662790697675 0.021208333333333333 0.08709302325581394
2 0.365234375 0.813953488372093 0.051541666666666666 0.17305232558139536
2 0.904296875 0.3308914728682171 0.024703125 0.08419573643410853