2 0.40966796875 0.5977470930232558 0.048675537109375 0.14092023982558138
2 0.062225341796875 0.26208212209302323 0.0321044921875 0.08482467296511628
2 0.424560546875 0.5100835755813954 0.047149658203125 0.12990552325581395
2 0.353271484375 0.5150799418604651 0.034698486328125 0.11979923691860465
2 0.2264404296875 0.5296148255813954 0.04083251953125 0.11304278706395349
2 0.25341796875 0.16942223837209303 0.0364990234375 0.1220703125
2 0.12744140625 0.3006904069767442 0.03759765625 0.08346202761627906
2 0.95947265625 0.6304505813953488 0.05224609375 0.0589344113372093
2 0.47119140625 0.07653524709302326 0.025665283203125 0.08936682412790697
2 0.5009765625 0.11576807776162791 0.0194244384765625 0.024499227834302327
2 0.315185546875 0.1887263808139535 0.033203125 0.10174418604651163
2 0.251220703125 0.42287427325581395 0.04779052734375 0.10895485101744186
2 0.51904296875 0.2402797965116279 0.034881591796875 0.10855741279069768
2 0.331787109375 0.6145530523255814 0.039703369140625 0.11661973110465117
2 0.3046875 0.43195857558139533 0.031494140625 0.11202080305232558
2 0.408935546875 0.17067132994186046 0.0248870849609375 0.0885719476744186
2 0.449951171875 0.1761219113372093 0.040374755859375 0.08471111918604651
2 0.426513671875 0.20269349563953487 0.0343017578125 0.10997683502906977
2 0.38818359375 0.034577125726744186 0.0141143798828125 0.025762513626453487
2 0.32958984375 0.031340843023255814 0.01519012451171875 0.020056436228197673
2 0.443359375 0.03531522529069767 0.01107025146484375 0.027820675872093022