2 0.35638888888888887 0.5644444444444444 0.059444444444444446 0.13111111111111112
2 0.38083333333333336 0.5183333333333333 0.050555555555555555 0.12333333333333334
2 0.4938888888888889 0.44333333333333336 0.04666666666666667 0.12222222222222222
2 0.4716666666666667 0.2561111111111111 0.03111111111111111 0.10333333333333333
2 0.5588888888888889 0.3233333333333333 0.034444444444444444 0.10888888888888888
2 0.6513888888888889 0.24444444444444444 0.03166666666666667 0.10444444444444445
2 0.6933333333333334 0.26222222222222225 0.028888888888888888 0.09777777777777778
2 0.74 0.32166666666666666 0.03 0.09888888888888889
2 0.7708333333333334 0.27555555555555555 0.03277777777777778 0.08444444444444445
2 0.8236111111111111 0.5638888888888889 0.041666666666666664 0.1388888888888889
2 0.4113888888888889 0.16111111111111112 0.020555555555555556 0.04888888888888889
2 0.4802777777777778 0.16 0.02388888888888889 0.07111111111111111
2 0.5205555555555555 0.15666666666666668 0.022222222222222223 0.06
2 0.11666666666666667 0.4388888888888889 0.06444444444444444 0.12666666666666668
2 0.11472222222222223 0.6055555555555555 0.0661111111111111 0.13555555555555557