2 0.953125 0.6227325581395349 0.047239583333333335 0.07471899224806201
2 0.84765625 0.23596899224806203 0.036161458333333334 0.0668798449612403
2 0.8852552083333334 0.5287112403100775 0.026807291666666667 0.06552325581395349
2 0.439453125 0.17987403100775193 0.03095833333333333 0.08891472868217054
2 0.7334010416666668 0.5396124031007752 0.036348958333333334 0.06739341085271318
2 0.9287135416666668 0.31772286821705426 0.04654166666666667 0.07529069767441861
2 0.9018541666666666 0.23982558139534885 0.04940625 0.0897093023255814
2 0.8305677083333334 0.534156976744186 0.047515625 0.08283914728682171
2 0.3100572916666666 0.4228779069767442 0.036833333333333336 0.07829457364341084
2 0.419921875 0.24391472868217054 0.030729166666666665 0.08051356589147288
2 0.455078125 0.08482558139534885 0.029479166666666667 0.07267441860465117
2 0.76171875 0.8979844961240311 0.052828125000000004 0.09896317829457364
2 0.8666979166666666 0.3467926356589147 0.033963541666666666 0.02946705426356589
2 0.8520520833333334 0.04147286821705426 0.025083333333333332 0.04161821705426357
2 0.8901354166666666 0.5991085271317829 0.023286458333333333 0.04579457364341085