2 0.41194444444444445 0.5416666666666666 0.03277777777777778 0.11
2 0.45222222222222225 0.4938888888888889 0.035555555555555556 0.09666666666666666
2 0.35 0.42333333333333334 0.025555555555555557 0.07777777777777778
2 0.3794444444444444 0.24722222222222223 0.022222222222222223 0.06777777777777778
2 0.5183333333333333 0.34944444444444445 0.03333333333333333 0.06555555555555556
2 0.37694444444444447 0.14833333333333334 0.02388888888888889 0.06111111111111111
2 0.3080555555555556 0.26666666666666666 0.017222222222222222 0.05333333333333334
2 0.25833333333333336 0.5227777777777778 0.034444444444444444 0.10111111111111111
2 0.20527777777777778 0.46111111111111114 0.035 0.07777777777777778
2 0.10694444444444444 0.6322222222222222 0.041666666666666664 0.10666666666666667
2 0.036944444444444446 0.3566666666666667 0.04611111111111111 0.09777777777777778
2 0.6019444444444444 0.6911111111111111 0.045 0.12
2 0.7419444444444444 0.6927777777777778 0.04833333333333333 0.08777777777777777
2 0.6416666666666667 0.17 0.025555555555555557 0.07777777777777778
2 0.7330555555555556 0.19055555555555556 0.03166666666666667 0.09888888888888889
2 0.6316666666666667 0.0961111111111111 0.01888888888888889 0.05444444444444444
2 0.5625 0.07722222222222222 0.020555555555555556 0.06111111111111111