2 0.3408203125 0.2584484011627907 0.0182952880859375 0.04931072856104651
2 0.340576171875 0.42832485465116277 0.0169830322265625 0.045364734738372096
2 0.30224609375 0.3495185319767442 0.0154266357421875 0.04192973292151163
2 0.51171875 0.43650072674418605 0.023956298828125 0.0369617550872093
2 0.50732421875 0.33611918604651164 0.0174407958984375 0.0396018804505814
2 0.58251953125 0.39857376453488375 0.0196380615234375 0.04036836845930233
2 0.2646484375 0.44240552325581395 0.0154266357421875 0.029694313226744186
2 0.409423828125 0.45285247093023256 0.019683837890625 0.04474018895348837
2 0.3623046875 0.16794603924418605 0.013427734375 0.03571266351744186
2 0.61279296875 0.20803052325581395 0.0143890380859375 0.04527956940406977
2 0.5029296875 0.11429187863372094 0.0150146484375 0.042923328488372096
2 0.45361328125 0.5082667151162791 0.0279083251953125 0.061432594476744186
2 0.53125 0.15216206395348839 0.01467132568359375 0.036677870639534885
2 0.365966796875 0.34861010174418605 0.018402099609375 0.04036836845930233
2 0.486572265625 0.15466024709302326 0.0179901123046875 0.04258266715116279
2 0.41162109375 0.07335574127906977 0.0142822265625 0.03892055777616279
2 0.5654296875 0.19099745639534885 0.0117340087890625 0.04439952761627907
2 0.45166015625 0.2267668968023256 0.017578125 0.047550644985465115
2 0.54541015625 0.23074127906976744 0.01433563232421875 0.04439952761627907
2 0.397216796875 0.8293968023255814 0.0273284912109375 0.04712481831395349
2 0.54833984375 0.09107013081395349 0.01242828369140625 0.028147142986918606
2 0.5302734375 0.8234920058139535 0.0244293212890625 0.05192246547965116
2 0.50927734375 0.9411337209302325 0.02447509765625 0.056095566860465115
2 0.50341796875 0.18248092296511628 0.0139007568359375 0.04349109738372093
2 0.6588541666666665 0.6443798449612403 0.03125 0.04844961240310078
2 0.69775390625 0.6695130813953488 0.027374267578125 0.038551507994186045