1 0.49354383680555547 0.4900981104651162 0.0262603759765625 0.12161609738372094
1 0.5498046875 0.4791969476744186 0.02886962890625 0.09124046148255814
2 0.31787109375 0.5500545058139535 0.034881591796875 0.09521484375
2 0.293212890625 0.38812681686046513 0.0295867919921875 0.08874227834302326
2 0.2474365234375 0.6722383720930233 0.034423828125 0.09328442950581395
2 0.751953125 0.3885810319767442 0.022247314453125 0.0743209484011628
1 0.46533203125 0.5704941860465116 0.029876708984375 0.087890625
2 0.50048828125 0.3554233284883721 0.0192413330078125 0.07222020348837209
2 0.303466796875 0.22347383720930233 0.0224151611328125 0.07170921148255814
2 0.3291015625 0.2616279069767442 0.0197601318359375 0.061319040697674417
2 0.438720703125 0.2005359738372093 0.0142822265625 0.04874295966569767
2 0.347900390625 0.2668513808139535 0.0259552001953125 0.06779160610465117
2 0.2333984375 0.28547420058139533 0.0216217041015625 0.04996366279069767
2 0.53955078125 0.21984011627906977 0.020599365234375 0.05433548328488372
2 0.28369140625 0.21688771802325582 0.0161590576171875 0.0652366460755814