2 0.86181640625 0.44195130813953487 0.0379638671875 0.09828079578488372
2 0.472412109375 0.11741460755813954 0.027069091796875 0.08295103561046512
2 0.501953125 0.2988735465116279 0.03033447265625 0.11764171511627906
2 0.77001953125 0.5591388081395349 0.033905029296875 0.12366006540697674
2 0.449462890625 0.45171693313953487 0.044769287109375 0.16999000726744187
2 0.4267578125 0.2788880813953488 0.035888671875 0.11116914970930232
2 0.391845703125 0.2507267441860465 0.02508544921875 0.11116914970930232
2 0.045196533203125 0.6045603197674418 0.063232421875 0.12888353924418605
2 0.0970458984375 0.14739280523255813 0.034820556640625 0.08022574491279069
2 0.83154296875 0.7535428779069767 0.04742431640625 0.13058684593023256
2 0.74853515625 0.28411155523255816 0.03265380859375 0.0934547601744186
2 0.458984375 0.31499818313953487 0.0316162109375 0.0941360828488372
2 0.9775390625 0.40061773255813954 0.01358795166015625 0.061205486918604654
2 0.126953125 0.056521393531976744 0.0254669189453125 0.05794081577034884
2 0.352783203125 0.4226471656976744 0.03277587890625 0.1527298328488372
2 0.77099609375 0.276844113372093 0.034759521484375 0.0969749273255814
2 0.5361328125 0.11923146802325581 0.0214080810546875 0.0840865734011628
2 0.463134765625 0.24255087209302326 0.0285491943359375 0.0840865734011628
2 0.43603515625 0.3804051598837209 0.04083251953125 0.10100608648255814
2 0.0103302001953125 0.4987281976744186 0.01971435546875 0.03752952398255814
2 0.87744140625 0.5418786337209303 0.01348114013671875 0.04996366279069767