2 0.34765625 0.2891079215116279 0.03192138671875 0.0920921148255814
2 0.33544921875 0.3679142441860465 0.02655029296875 0.08221293604651163
2 0.5517578125 0.318859011627907 0.028594970703125 0.09646393531976744
2 0.295654296875 0.1207076671511628 0.0369873046875 0.0969749273255814
1 0.48876953125 0.49963662790697677 0.033905029296875 0.12820221656976744
2 0.55029296875 0.06211391715116279 0.024749755859375 0.07784111555232558
2 0.260498046875 0.20485101744186046 0.0386962890625 0.07114144258720931
2 0.609375 0.5050872093023255 0.037689208984375 0.08743640988372094
2 0.2349853515625 0.049878497456395346 0.0227203369140625 0.0592750726744186
2 0.62353515625 0.16238190406976744 0.03985595703125 0.07403706395348837
2 0.810546875 0.5250726744186046 0.036773681640625 0.06852970566860465
2 0.49755859375 0.37518168604651164 0.0292510986328125 0.0920921148255814
2 0.07965087890625 0.23505632267441862 0.038116455078125 0.07403706395348837
2 0.75830078125 0.0945335210755814 0.0297088623046875 0.09436319040697674
2 0.296875 0.26071947674418605 0.036895751953125 0.06427143895348837
2 0.10614013671875 0.08760674055232558 0.024749755859375 0.08533566497093023
2 0.08123779296875 0.6676962209302325 0.044921875 0.10140352470930232
2 0.681640625 0.16260901162790697 0.029541015625 0.08908293968023256
2 0.73583984375 0.36428052325581395 0.044586181640625 0.06341978561046512
2 0.7783203125 0.20133085029069767 0.03167724609375 0.051525027252906974
2 0.307861328125 0.9747456395348837 0.04193115234375 0.045449900072674417