2 0.37222222222222223 0.5755555555555556 0.052222222222222225 0.15333333333333332
2 0.44555555555555554 0.5333333333333333 0.043333333333333335 0.12
2 0.4841666666666667 0.64 0.05277777777777778 0.13333333333333333
2 0.37222222222222223 0.325 0.034444444444444444 0.07666666666666666
2 0.2816666666666667 0.2722222222222222 0.043333333333333335 0.07333333333333333
2 0.2758333333333333 0.425 0.021666666666666667 0.052222222222222225
2 0.17944444444444443 0.6061111111111112 0.05444444444444444 0.11888888888888889
2 0.035 0.7227777777777777 0.04777777777777778 0.13444444444444445
2 0.17527777777777778 0.7427777777777778 0.05277777777777778 0.08333333333333333
2 0.13472222222222222 0.48833333333333334 0.03611111111111111 0.052222222222222225
2 0.16944444444444445 0.4061111111111111 0.022222222222222223 0.07444444444444444
2 0.5305555555555556 0.2011111111111111 0.022222222222222223 0.08222222222222222
2 0.6444444444444445 0.175 0.03111111111111111 0.09444444444444444