2 0.12111111111111111 0.5183333333333333 0.06222222222222222 0.1411111111111111
2 0.19916666666666666 0.37555555555555553 0.041666666666666664 0.12
2 0.24555555555555555 0.5444444444444444 0.05 0.12444444444444444
2 0.7266666666666667 0.5988888888888889 0.05333333333333334 0.1288888888888889
2 0.7683333333333333 0.6822222222222222 0.06 0.15555555555555556
2 0.6797222222222222 0.4533333333333333 0.03611111111111111 0.12444444444444444
2 0.8530555555555556 0.5338888888888889 0.04388888888888889 0.10555555555555556
2 0.8711111111111111 0.7116666666666667 0.04555555555555556 0.16555555555555557
2 0.8666666666666667 0.6411111111111111 0.05333333333333334 0.14888888888888888
2 0.7872222222222223 0.8755555555555555 0.07444444444444444 0.1688888888888889
2 0.5680555555555555 0.21388888888888888 0.02722222222222222 0.08333333333333333
2 0.48388888888888887 0.18444444444444444 0.022222222222222223 0.07777777777777778
2 0.5919444444444445 0.15833333333333333 0.02388888888888889 0.06111111111111111
2 0.6166666666666667 0.1638888888888889 0.016666666666666666 0.04111111111111111
2 0.8152777777777778 0.3605555555555556 0.03277777777777778 0.09666666666666666
2 0.8225 0.2238888888888889 0.026111111111111113 0.07