2 0.299560546875 0.09021847747093023 0.0248870849609375 0.08005541424418605
2 0.6640625 0.056322674418604654 0.0177764892578125 0.06586119186046512
2 0.091064453125 0.18804505813953487 0.038970947265625 0.08936682412790697
2 0.34423828125 0.1681731468023256 0.0283355712890625 0.08295103561046512
2 0.64990234375 0.2941042877906977 0.035491943359375 0.08743640988372094
2 0.7099609375 0.3542877906976744 0.03253173828125 0.07857921511627906
2 0.489990234375 0.49055232558139533 0.033843994140625 0.15806686046511628
2 0.44384765625 0.3672329215116279 0.04443359375 0.10009765625
2 0.2467041015625 0.5178052325581395 0.0482177734375 0.10367460029069768
2 0.70361328125 0.06614507630813954 0.0153045654296875 0.04931072856104651
2 0.256103515625 0.15749909156976744 0.03289794921875 0.09555550508720931
2 0.6953125 0.4828306686046512 0.0310821533203125 0.11099881904069768
2 0.5205078125 0.21541151889534885 0.0313720703125 0.07335574127906977
2 0.65185546875 0.5827579941860465 0.0482177734375 0.10384493095930232
2 0.8017578125 0.20303415697674418 0.0318603515625 0.08499500363372094
2 0.78271484375 0.16170058139534885 0.0238189697265625 0.07568359375
2 0.84423828125 0.4133357558139535 0.018829345703125 0.060069949127906974
2 0.53857421875 0.49327761627906974 0.04010009765625 0.10083575581395349
2 0.77783203125 0.7131177325581395 0.053985595703125 0.0840865734011628