1 0.493408203125 0.5059956395348837 0.039337158203125 0.13467478197674418
2 0.379150390625 0.5723110465116279 0.037200927734375 0.08175872093023256
2 0.078369140625 0.276844113372093 0.0460205078125 0.09612327398255814
2 0.1705322265625 0.6022892441860465 0.047515869140625 0.08187227470930232
2 0.32421875 0.5882085755813954 0.03753662109375 0.08113417514534883
2 0.392578125 0.3819949127906977 0.0345458984375 0.10713799055232558
2 0.2235107421875 0.22722111191860464 0.030731201171875 0.08039607558139535
2 0.3603515625 0.8207667151162791 0.040679931640625 0.12706667877906977
2 0.29443359375 0.826671511627907 0.047149658203125 0.11639262354651163
2 0.826171875 0.6695130813953488 0.04876708984375 0.10481013808139535
2 0.1614990234375 0.3227198401162791 0.039947509765625 0.08953715479651163
2 0.0165252685546875 0.5850290697674418 0.03277587890625 0.062000363372093026
2 0.8427734375 0.7658066860465116 0.042083740234375 0.11219113372093023