2 0.4477552083333334 0.37790697674418605 0.03085416666666667 0.08953488372093024
2 0.468015625 0.44422480620155036 0.031739583333333335 0.08039728682170542
2 0.6904322916666668 0.21200581395348836 0.026505208333333332 0.07727713178294573
2 0.4614270833333334 0.21688953488372095 0.03295833333333333 0.07460271317829457
2 0.362546875 0.5355232558139534 0.041625 0.07414728682170542
2 0.4040520833333333 0.19917635658914729 0.033963541666666666 0.07414728682170542
2 0.6655260416666666 0.155 0.025270833333333336 0.08204457364341085
2 0.39965625 0.10998062015503876 0.024932291666666665 0.08022286821705427
2 0.4223645833333334 0.12865310077519382 0.026260416666666668 0.07051356589147287
2 0.8471666666666666 0.15636627906976744 0.02546875 0.08204457364341085
2 0.24890104166666666 0.4633042635658915 0.036161458333333334 0.09106589147286823
2 0.5151354166666666 0.8107751937984496 0.031203124999999998 0.07074612403100776
2 0.7041041666666668 0.3315794573643411 0.022244791666666666 0.04107558139534884
1 0.4952239583333334 0.5135658914728682 0.04253645833333333 0.10012596899224806