2 0.6376953125 0.2925145348837209 0.0206451416015625 0.06750772165697674
2 0.68798828125 0.403797238372093 0.01971435546875 0.07403706395348837
2 0.82958984375 0.4449037063953488 0.036712646484375 0.08454078851744186
2 0.763671875 0.592750726744186 0.042327880859375 0.08760674055232558
2 0.7548828125 0.30500545058139533 0.037109375 0.09737236555232558
1 0.49365234375 0.4453579215116279 0.0229339599609375 0.11877725290697674
2 0.6396484375 0.21949945494186046 0.0220794677734375 0.05271734193313953
2 0.55224609375 0.17521348110465115 0.018798828125 0.051525027252906974
2 0.60498046875 0.37904251453488375 0.0309600830078125 0.0694381359011628
2 0.53662109375 0.28229469476744184 0.021942138671875 0.06041061046511628
2 0.443359375 0.15386537063953487 0.0219879150390625 0.049679778343023256
2 0.364013671875 0.32362827034883723 0.020599365234375 0.06852970566860465