2 0.71826171875 0.1468250363372093 0.027740478515625 0.06779160610465117
2 0.1317138671875 0.20451035610465115 0.027008056640625 0.060183502906976744
2 0.58203125 0.23482921511627908 0.0262603759765625 0.06614507630813954
2 0.04046630859375 0.2242687136627907 0.028167724609375 0.06466887718023256
2 0.56103515625 0.053909656613372096 0.0266571044921875 0.04914039789244186
2 0.08270263671875 0.47828851744186046 0.038177490234375 0.04885651344476744
2 0.56982421875 0.6159156976744186 0.0258026123046875 0.04596089207848837
2 0.4697265625 0.8829941860465116 0.033660888671875 0.060751271802325583
2 0.3759765625 0.07801144622093023 0.0192718505859375 0.05972928779069767
2 0.0413818359375 0.31545239825581395 0.040924072265625 0.05984284156976744
2 0.87060546875 0.29433139534883723 0.0333251953125 0.07528615552325581
2 0.8447265625 0.17396438953488372 0.0283355712890625 0.05859375
2 0.64990234375 0.599109738372093 0.03521728515625 0.03914766533430233
2 0.09808349609375 0.6022892441860465 0.038177490234375 0.047209983648255814
1 0.49267578125 0.5059956395348837 0.020599365234375 0.06029705668604651
2 0.9658203125 0.2691224563953488 0.035003662109375 0.08312136627906977
2 0.671875 0.9611191860465116 0.028656005859375 0.06739416787790697