2 0.4083333333333333 0.5694444444444444 0.03777777777777778 0.13666666666666666
2 0.44722222222222224 0.5116666666666667 0.03888888888888889 0.10777777777777778
2 0.2608333333333333 0.4311111111111111 0.03166666666666667 0.09777777777777778
2 0.3402777777777778 0.35444444444444445 0.01611111111111111 0.04666666666666667
2 0.25972222222222224 0.3016666666666667 0.015 0.04777777777777778
2 0.45694444444444443 0.3411111111111111 0.030555555555555555 0.07333333333333333
2 0.12694444444444444 0.5622222222222222 0.03611111111111111 0.10888888888888888
2 0.021111111111111112 0.5355555555555556 0.042222222222222223 0.09333333333333334
2 0.01861111111111111 0.8055555555555556 0.03722222222222222 0.14444444444444443
2 0.14527777777777778 0.8055555555555556 0.07277777777777777 0.10888888888888888
2 0.6369444444444444 0.5977777777777777 0.049444444444444444 0.12222222222222222
2 0.7461111111111111 0.8411111111111111 0.057777777777777775 0.16444444444444445
2 0.795 0.2111111111111111 0.044444444444444446 0.08888888888888889
2 0.805 0.14833333333333334 0.03 0.034444444444444444
2 0.5969444444444445 0.18222222222222223 0.026111111111111113 0.08222222222222222
2 0.6025 0.11611111111111111 0.020555555555555556 0.05