2 0.37916666666666665 0.5088888888888888 0.051666666666666666 0.09333333333333334
2 0.41333333333333333 0.4488888888888889 0.042222222222222223 0.08888888888888889
2 0.37666666666666665 0.4122222222222222 0.034444444444444444 0.10666666666666667
2 0.2875 0.3488888888888889 0.030555555555555555 0.07111111111111111
2 0.4175 0.34944444444444445 0.030555555555555555 0.07666666666666666
2 0.5575 0.3794444444444444 0.03277777777777778 0.11
2 0.4563888888888889 0.2788888888888889 0.021666666666666667 0.08222222222222222
2 0.5016666666666667 0.2727777777777778 0.024444444444444446 0.05444444444444444
2 0.41444444444444445 0.195 0.015555555555555555 0.04111111111111111
2 0.4836111111111111 0.20222222222222222 0.01611111111111111 0.04666666666666667
2 0.21694444444444444 0.1761111111111111 0.03277777777777778 0.06555555555555556
2 0.6333333333333333 0.325 0.04111111111111111 0.07888888888888888
2 0.6502777777777777 0.3705555555555556 0.04055555555555555 0.09666666666666666
2 0.7280555555555556 0.30777777777777776 0.03388888888888889 0.08444444444444445
2 0.7280555555555556 0.2588888888888889 0.02722222222222222 0.06444444444444444
2 0.5830555555555555 0.09277777777777778 0.018333333333333333 0.06111111111111111
2 0.8644444444444445 0.17222222222222222 0.024444444444444446 0.07555555555555556
2 0.9444444444444444 0.46444444444444444 0.06 0.09777777777777778
2 0.7991666666666667 0.8872222222222222 0.07055555555555555 0.11444444444444445