1 0.491455078125 0.4828306686046512 0.0248870849609375 0.13251726017441862
2 0.53271484375 0.5868459302325582 0.037200927734375 0.10974972747093023
2 0.154541015625 0.309093386627907 0.0238189697265625 0.0697220203488372
2 0.41162109375 0.34315952034883723 0.0222015380859375 0.06790515988372094
2 0.7041015625 0.5568677325581395 0.03448486328125 0.07403706395348837
2 0.28857421875 0.35882994186046513 0.0276947021484375 0.09192178415697674
2 0.5771484375 0.4178779069767442 0.024383544921875 0.07131177325581395
2 0.67431640625 0.6245457848837209 0.035736083984375 0.0927734375
2 0.310791015625 0.3813135901162791 0.0301055908203125 0.0861305414244186
2 0.369140625 0.29115188953488375 0.02069091796875 0.052121184593023256
2 0.60986328125 0.36428052325581395 0.0211639404296875 0.0552723019622093
2 0.5947265625 0.37086664244186046 0.0189361572265625 0.05339866460755814
2 0.7919921875 0.40402434593023256 0.0276336669921875 0.0652366460755814
2 0.400146484375 0.7362827034883721 0.058135986328125 0.22063499273255813
2 0.908203125 0.5314316860465116 0.060516357421875 0.08141805959302326
2 0.2210693359375 0.30046329941860467 0.0141143798828125 0.038863780886627904
2 0.04986572265625 0.6468023255813954 0.09857177734375 0.24436773255813954
2 0.2335205078125 0.30841206395348836 0.00955963134765625 0.0271961300872093
2 0.55322265625 0.43763626453488375 0.0182647705078125 0.053001226380813955
2 0.54833984375 0.5137172965116279 0.012969970703125 0.044655023619186045