2 0.06166666666666667 0.3794444444444444 0.04666666666666667 0.1388888888888889
2 0.09055555555555556 0.2427777777777778 0.03666666666666667 0.08333333333333333
2 0.12583333333333332 0.23055555555555557 0.03277777777777778 0.07444444444444444
2 0.3447222222222222 0.3016666666666667 0.030555555555555555 0.08777777777777777
2 0.2436111111111111 0.29944444444444446 0.030555555555555555 0.08555555555555555
2 0.06222222222222222 0.2411111111111111 0.024444444444444446 0.08444444444444445
2 0.03194444444444444 0.265 0.026111111111111113 0.07888888888888888
2 0.5730555555555555 0.7666666666666667 0.059444444444444446 0.14444444444444443
2 0.5983333333333334 0.4172222222222222 0.035555555555555556 0.08555555555555555
2 0.5755555555555556 0.3622222222222222 0.024444444444444446 0.08666666666666667
2 0.6147222222222222 0.35388888888888886 0.021666666666666667 0.05444444444444444
2 0.6555555555555556 0.41944444444444445 0.03 0.08333333333333333
2 0.6761111111111111 0.4266666666666667 0.03333333333333333 0.08888888888888889
2 0.7158333333333333 0.265 0.020555555555555556 0.058888888888888886
2 0.9022222222222223 0.4588888888888889 0.05444444444444444 0.11333333333333333
2 0.4161111111111111 0.33111111111111113 0.02666666666666667 0.1
2 0.455 0.3622222222222222 0.025555555555555557 0.07333333333333333