1 0.484619140625 0.49827398255813954 0.035491943359375 0.2183639171511628
2 0.5634765625 0.5446039244186046 0.03802490234375 0.14216933139534885
2 0.422607421875 0.5159883720930233 0.037261962890625 0.1398982558139535
2 0.27490234375 0.3006904069767442 0.033599853515625 0.11321311773255814
2 0.63134765625 0.3667787063953488 0.052703857421875 0.12297874273255814
2 0.1668701171875 0.234375 0.0279083251953125 0.07403706395348837
2 0.5888671875 0.43536518895348836 0.038238525390625 0.1178688226744186
2 0.11358642578125 0.27480014534883723 0.036224365234375 0.08891260901162791
2 0.363525390625 0.49236918604651164 0.054595947265625 0.08772029433139535
2 0.69140625 0.7694404069767442 0.053497314453125 0.19133811773255813
2 0.05242919921875 0.28184047965116277 0.0279541015625 0.07403706395348837
2 0.1295166015625 0.1429642078488372 0.0213623046875 0.06881359011627906
2 0.6025390625 0.09538517441860465 0.018829345703125 0.05601040152616279
2 0.685546875 0.042667832485465115 0.0197906494140625 0.0421852289244186
2 0.70751953125 0.3229469476744186 0.039947509765625 0.10560501453488372
2 0.54248046875 0.9252361918604651 0.05706787109375 0.1429642078488372
2 0.280517578125 0.07874954578488372 0.0194549560546875 0.046131222747093026
2 0.300048828125 0.07335574127906977 0.020721435546875 0.061205486918604654
2 0.5791015625 0.2277888808139535 0.033203125 0.06921102834302326