2 0.375732421875 0.31227289244186046 0.015838623046875 0.04439952761627907
2 0.3525390625 0.39857376453488375 0.018829345703125 0.05280250726744186
2 0.43603515625 0.35065406976744184 0.0188751220703125 0.03710369731104651
2 0.5732421875 0.6363553779069767 0.0210418701171875 0.0290271847747093
2 0.39404296875 0.12025345203488372 0.0185089111328125 0.0408225835755814
2 0.348876953125 0.5350654069767442 0.017303466796875 0.043576262718023256
2 0.4365234375 0.09918922601744186 0.012237548828125 0.04241233648255814
2 0.1929931640625 0.3851744186046512 0.0279083251953125 0.03724563953488372
2 0.53369140625 0.6399890988372093 0.021331787109375 0.031000181686046513
2 0.141357421875 0.24345930232558138 0.0305023193359375 0.04383175872093023
2 0.77392578125 0.36541606104651164 0.0248870849609375 0.041305187136627904
2 0.298095703125 0.2545875726744186 0.0290374755859375 0.039005723110465115
2 0.603515625 0.39675690406976744 0.0202178955078125 0.04192973292151163
2 0.64892578125 0.4010719476744186 0.0254669189453125 0.04630155341569767
2 0.49658203125 0.5614098837209303 0.0199432373046875 0.0516101925872093
2 0.10211181640625 0.5891170058139535 0.047882080078125 0.04638671875
2 0.60888671875 0.3515625 0.0197906494140625 0.04508085029069767
2 0.58984375 0.32839752906976744 0.01560211181640625 0.042667832485465115
2 0.321044921875 0.8148619186046512 0.025665283203125 0.04474018895348837
2 0.1669921875 0.7312863372093024 0.04296875 0.03449196039244186
2 0.194091796875 0.1988326671511628 0.0261993408203125 0.04579056140988372
2 0.1666259765625 0.2005359738372093 0.0240936279296875 0.03849473110465116
2 0.58349609375 0.28025072674418605 0.02386474609375 0.060637718023255814
2 0.299072265625 0.7430959302325582 0.03289794921875 0.04332076671511628
2 0.65673828125 0.2777525436046512 0.01229095458984375 0.025663154069767442
2 0.287109375 0.22211119186046513 0.0179901123046875 0.04596089207848837
2 0.255615234375 0.7081213662790697 0.0364990234375 0.050247547238372096
2 0.76904296875 0.7871547965116279 0.0206451416015625 0.04630155341569767
2 0.430908203125 0.9057049418604651 0.0248870849609375 0.046755768531976744
2 0.3984375 0.9184229651162791 0.019561767578125 0.05859375
2 0.55712890625 0.20621366279069767 0.0154876708984375 0.034435183502906974
2 0.52587890625 0.4387718023255814 0.0142822265625 0.035655886627906974