2 0.8330078125 0.36428052325581395 0.050140380859375 0.10855741279069768
2 0.78125 0.29478561046511625 0.0413818359375 0.07903343023255814
2 0.73046875 0.2804778343023256 0.038818359375 0.07994186046511628
2 0.93798828125 0.40288880813953487 0.045440673828125 0.1025390625
2 0.5009765625 0.2566315406976744 0.03515625 0.07670557776162791
2 0.319091796875 0.27480014534883723 0.03277587890625 0.08692541787790697
2 0.787109375 0.3586028343023256 0.030670166015625 0.09845112645348837
2 0.445556640625 0.7113008720930233 0.039947509765625 0.10214162427325581
1 0.4951171875 0.4851017441860465 0.03759765625 0.1517078488372093
2 0.450927734375 0.3190861191860465 0.038909912109375 0.09055913880813954
2 0.54443359375 0.26503452034883723 0.034881591796875 0.13274436773255813
2 0.431640625 0.48691860465116277 0.0279541015625 0.07153888081395349
2 0.328125 0.91796875 0.06951904296875 0.14398619186046513
2 0.548828125 0.7916969476744186 0.04486083984375 0.14705214389534885