0 0.4744791666666667 0.6201550387596899 0.019791666666666666 0.03488372093023256
2 0.19866145833333335 0.4188372093023256 0.03143229166666667 0.05382751937984496
2 0.3395989583333333 0.41333333333333333 0.018401041666666666 0.05291666666666667
2 0.4832916666666666 0.12006782945736434 0.019572916666666666 0.05553294573643411
2 0.5302760416666666 0.13592054263565892 0.016098958333333333 0.05535852713178295
2 0.5068385416666666 0.14318798449612405 0.016098958333333333 0.048740310077519375
2 0.46771875 0.3365213178294574 0.018385416666666664 0.045998062015503875
2 0.5024427083333334 0.11281976744186047 0.015364583333333333 0.042015503875968994
0 0.4018541666666666 0.8948062015503877 0.025328125 0.03908914728682171
0 0.455078125 0.7558139534883721 0.020796875 0.04922480620155038
2 0.6005885416666668 0.35973837209302323 0.019864583333333335 0.05132751937984496
2 0.5068385416666666 0.4337790697674419 0.016723958333333334 0.03752906976744186
2 0.3774427083333334 0.15386627906976744 0.014838541666666667 0.0489437984496124
0 0.3928229166666667 0.34611434108527134 0.019864583333333335 0.04553294573643411
0 0.283203125 0.40334302325581395 0.02790625 0.048207364341085274
2 0.48768229166666666 0.4787403100775194 0.021114583333333332 0.02886627906976744
2 0.587890625 0.3308914728682171 0.016401041666666664 0.044312015503875965
2 0.3732916666666667 0.4991860465116279 0.019942708333333333 0.047751937984496125
0 0.4340833333333334 0.8802713178294574 0.022890625 0.04275193798449612
0 0.6215833333333334 0.1336531007751938 0.017041666666666667 0.03492248062015504
2 0.49707291666666664 0.2164341085271318 0.0140625 0.04528100775193798
2 0.3735364583333334 0.4608042635658915 0.021989583333333333 0.044573643410852716
2 0.5024427083333334 0.18180232558139536 0.015364583333333333 0.04544573643410853
2 0.5297864583333334 0.03295542635658914 0.014557291666666666 0.024496124031007753
2 0.2717291666666667 0.21609496124031008 0.017442708333333334 0.046841085271317834
0 0.249265625 0.20587209302325582 0.02271875 0.042984496124031005
0 0.8432604166666666 0.8357558139534884 0.03359895833333334 0.053905038759689924
0 0.31543229166666664 0.19338178294573644 0.019166666666666665 0.03752906976744186
0 0.740234375 0.5496027131782947 0.029083333333333336 0.05805232558139534
2 0.056546874999999996 0.5936627906976744 0.030104166666666664 0.0472093023255814