2 0.292724609375 0.8166787790697675 0.0489501953125 0.11593840843023256
2 0.82177734375 0.6436228197674418 0.04949951171875 0.0941360828488372
1 0.490234375 0.5000908430232558 0.042633056640625 0.13490188953488372
2 0.351806640625 0.8098655523255814 0.042572021484375 0.12116188226744186
2 0.841796875 0.7544513081395349 0.044921875 0.11383766351744186
2 0.32568359375 0.5714026162790697 0.03839111328125 0.07511582485465117
2 0.37939453125 0.4973655523255814 0.03240966796875 0.07625136264534883
2 0.80419921875 0.08085029069767442 0.04132080078125 0.09021847747093023
2 0.5537109375 0.42673510174418605 0.042022705078125 0.0958961664244186
2 0.841796875 0.4660247093023256 0.049224853515625 0.0941360828488372
2 0.07598876953125 0.7599018895348837 0.07720947265625 0.06994912790697674
2 0.0170440673828125 0.5509629360465116 0.033782958984375 0.05870730377906977
2 0.090087890625 0.1974700218023256 0.03790283203125 0.08471111918604651
2 0.15869140625 0.3170421511627907 0.039642333984375 0.09038880813953488
2 0.3837890625 0.04456985828488372 0.0218658447265625 0.045449900072674417