2 0.578125 0.2723019622093023 0.03033447265625 0.07318541061046512
2 0.468017578125 0.44899164244186046 0.0305023193359375 0.07585392441860465
2 0.44775390625 0.3754087936046512 0.02947998046875 0.08550599563953488
2 0.399169921875 0.11281567950581395 0.0251312255859375 0.08630087209302326
2 0.422119140625 0.4778343023255814 0.0316162109375 0.07488871729651163
2 0.465576171875 0.11764171511627906 0.0297088623046875 0.08874227834302326
2 0.6904296875 0.21200490552325582 0.026153564453125 0.07801144622093023
2 0.8779296875 0.5636809593023255 0.051666259765625 0.07965797601744186
2 0.54541015625 0.6218204941860465 0.035064697265625 0.08113417514534883
2 0.83447265625 0.14137445494186046 0.0236968994140625 0.06637218386627906
2 0.796875 0.6281795058139535 0.04217529296875 0.08221293604651163
2 0.94970703125 0.394031613372093 0.0260009765625 0.08772029433139535
2 0.8564453125 0.10974972747093023 0.0333251953125 0.06603152252906977
2 0.305908203125 0.26185501453488375 0.026458740234375 0.041134856468023256
2 0.33447265625 0.8507449127906976 0.03802490234375 0.08295103561046512
2 0.45361328125 0.04258266715116279 0.022796630859375 0.04391692405523256
2 0.3125 0.7462754360465116 0.0364990234375 0.06625863008720931