2 0.54833984375 0.37586300872093026 0.03753662109375 0.11554097020348837
1 0.48974609375 0.5082667151162791 0.03839111328125 0.1708984375
2 0.6650390625 0.33044149709302323 0.036224365234375 0.09754269622093023
2 0.60400390625 0.29047056686046513 0.037200927734375 0.16794603924418605
2 0.33349609375 0.17180686773255813 0.038604736328125 0.10657022165697674
2 0.771484375 0.11258857194767442 0.0289306640625 0.08113417514534883
2 0.7470703125 0.07034656613372094 0.0235137939453125 0.08175872093023256
2 0.86328125 0.17487281976744187 0.03314208984375 0.09952988735465117
2 0.841796875 0.1503452034883721 0.027069091796875 0.08312136627906977
2 0.783203125 0.9384084302325582 0.049774169921875 0.11741460755813954
2 0.6708984375 0.07801144622093023 0.0264129638671875 0.10736509811046512
2 0.492919921875 0.4269622093023256 0.033843994140625 0.08874227834302326
2 0.17578125 0.1331985828488372 0.033782958984375 0.11321311773255814
2 0.22119140625 0.13933048691860464 0.04803466796875 0.1272937863372093
2 0.943359375 0.6204578488372093 0.04779052734375 0.06211391715116279
2 0.86669921875 0.9402252906976745 0.037811279296875 0.11429187863372094
2 0.01322174072265625 0.5704941860465116 0.0252227783203125 0.09294376816860465