1 0.487548828125 0.49554869186046513 0.0384521484375 0.19304142441860464
2 0.052825927734375 0.16851380813953487 0.047882080078125 0.09572583575581395
2 0.416015625 0.4778343023255814 0.04779052734375 0.1481876816860465
2 0.240234375 0.4292332848837209 0.049957275390625 0.10537790697674419
2 0.256103515625 0.10083575581395349 0.037811279296875 0.10083575581395349
2 0.3896484375 0.06994912790697674 0.023956298828125 0.08630087209302326
2 0.319580078125 0.050559820130813955 0.0240020751953125 0.060751271802325583
2 0.16064453125 0.27956940406976744 0.0304412841796875 0.10463980741279069
2 0.478271484375 0.036337209302325583 0.01306915283203125 0.028473610101744186
2 0.435302734375 0.07290152616279069 0.0299835205078125 0.09970021802325581
2 0.7099609375 0.9429505813953488 0.06903076171875 0.11321311773255814