2 0.3472622957043725 0.591356614695403 0.025357895832368034 0.057006122413850516
2 0.2646484375 0.5950218023255814 0.024139404296875 0.04249750181686047
2 0.30517578125 0.5173510174418605 0.028594970703125 0.03710369731104651
2 0.430419921875 0.34656613372093026 0.01422882080078125 0.04579056140988372
2 0.497802734375 0.30773074127906974 0.01525115966796875 0.03429324127906977
2 0.222900390625 0.22994640261627908 0.0271759033203125 0.03832440043604651
2 0.2330322265625 0.19338208575581395 0.0225067138671875 0.049679778343023256
2 0.09503173828125 0.4342296511627907 0.038604736328125 0.03219249636627907
2 0.3916015625 0.22699400436046513 0.0174407958984375 0.030517578125
2 0.2822265625 0.7203851744186046 0.0253753662109375 0.03613849018895349
2 0.43701171875 0.5164425872093024 0.0255584716796875 0.03662109375
2 0.447998046875 0.27184774709302323 0.01483917236328125 0.04275299781976744
2 0.293701171875 0.7912427325581395 0.0248870849609375 0.04638671875
2 0.1865234375 0.2382358284883721 0.029876708984375 0.035116506177325583
2 0.556640625 0.5645893895348837 0.020965576171875 0.038863780886627904
2 0.62890625 0.5564135174418605 0.020843505859375 0.030290470566860465
2 0.448486328125 0.4562590843023256 0.018768310546875 0.05484647529069767
2 0.469482421875 0.5132630813953488 0.020965576171875 0.0396018804505814
2 0.59033203125 0.572765261627907 0.0199127197265625 0.04014126090116279
2 0.0943603515625 0.6863190406976745 0.034942626953125 0.04939589389534884
2 0.047882080078125 0.6654251453488372 0.042572021484375 0.04036836845930233
2 0.5048828125 0.12956486191860464 0.01302337646484375 0.0320789425872093
2 0.447509765625 0.15920239825581395 0.01490020751953125 0.05104242369186047
2 0.568359375 0.42128452034883723 0.0154266357421875 0.04701126453488372
2 0.68896484375 0.35655886627906974 0.0207672119140625 0.043576262718023256
2 0.626953125 0.36041969476744184 0.0200958251953125 0.04036836845930233
2 0.80029296875 0.3120457848837209 0.02203369140625 0.038125681322674417
2 0.8447265625 0.7839752906976745 0.026763916015625 0.035911382630813955
2 0.63916015625 0.7926053779069767 0.01751708984375 0.04315043604651163
2 0.8388671875 0.3645076308139535 0.02056884765625 0.04283816315406977
2 0.435302734375 0.06688317587209303 0.010986328125 0.03909088844476744
2 0.6348100984018371 0.28644676429100596 0.021656634487056316 0.03651409303050187
2 0.497314453125 0.8707303779069767 0.016845703125 0.04791969476744186
2 0.66748046875 0.3006904069767442 0.0323486328125 0.047550644985465115
2 0.49072265625 0.07965797601744186 0.009857177734375 0.03826762354651163