2 0.54931640625 0.34679324127906974 0.0223236083984375 0.06296557049418605
2 0.7705078125 0.7122093023255814 0.04296875 0.06211391715116279
2 0.2093505859375 0.47283793604651164 0.0369873046875 0.06341978561046512
2 0.58251953125 0.3456577034883721 0.0247955322265625 0.06319267805232558
2 0.60791015625 0.24595748546511628 0.0202484130859375 0.06830259811046512
2 0.642578125 0.5945675872093024 0.0300445556640625 0.049679778343023256
2 0.71728515625 0.21279978197674418 0.03265380859375 0.07931731468023256
2 0.65576171875 0.10231195494186046 0.0177764892578125 0.06665606831395349
2 0.2022705078125 0.19406340843023256 0.021575927734375 0.07278797238372094
2 0.51953125 0.39675690406976744 0.0226287841796875 0.07170921148255814
2 0.5712890625 0.2493640988372093 0.0210418701171875 0.06239780159883721
2 0.5888671875 0.28297601744186046 0.02337646484375 0.06574763808139535
2 0.75732421875 0.8094113372093024 0.03753662109375 0.04508085029069767
2 0.8798828125 0.6309047965116279 0.040771484375 0.07222020348837209
2 0.8388671875 0.631359011627907 0.0439453125 0.06489598473837209
2 0.29052734375 0.3972111191860465 0.028106689453125 0.061886809593023256
2 0.54296875 0.27321039244186046 0.024139404296875 0.06540697674418605
2 0.337890625 0.1991733284883721 0.0193023681640625 0.0669967296511628
2 0.970703125 0.6254542151162791 0.027008056640625 0.05663494731104651
1 0.496826171875 0.5064498546511628 0.05059814453125 0.09396575218023256
2 0.91748046875 0.462390988372093 0.029083251953125 0.07596747819767442
2 0.84814453125 0.8125908430232558 0.0302734375 0.06762127543604651
2 0.5361328125 0.21052870639534885 0.0184326171875 0.0672806140988372
2 0.460205078125 0.7249273255813954 0.0297088623046875 0.06296557049418605