2 0.14277777777777778 0.31666666666666665 0.03777777777777778 0.12222222222222222
2 0.24916666666666668 0.2038888888888889 0.026111111111111113 0.06777777777777778
2 0.21805555555555556 0.2111111111111111 0.026111111111111113 0.07111111111111111
2 0.1986111111111111 0.20833333333333334 0.019444444444444445 0.07666666666666666
2 0.16777777777777778 0.21833333333333332 0.028888888888888888 0.052222222222222225
2 0.39666666666666667 0.2722222222222222 0.03 0.07555555555555556
2 0.5102777777777778 0.28944444444444445 0.02388888888888889 0.08333333333333333
2 0.5163888888888889 0.3655555555555556 0.029444444444444443 0.08222222222222222
2 0.6180555555555556 0.43166666666666664 0.029444444444444443 0.09222222222222222
2 0.6438888888888888 0.38333333333333336 0.024444444444444446 0.08666666666666667
2 0.6836111111111111 0.38333333333333336 0.02388888888888889 0.06444444444444444
2 0.6691666666666667 0.4483333333333333 0.042777777777777776 0.06555555555555556
2 0.6947222222222222 0.45111111111111113 0.030555555555555555 0.1