1 0.4916979166666666 0.4837403100775194 0.04257291666666666 0.22676356589147287
2 0.4143072916666667 0.5423352713178295 0.057374999999999995 0.13410852713178295
2 0.051359375 0.31113372093023256 0.0390625 0.10833333333333334
2 0.16784895833333333 0.6045639534883721 0.073546875 0.13149224806201548
2 0.09515625 0.2761627906976744 0.03881770833333333 0.12116279069767442
2 0.4196770833333333 0.04922480620155038 0.02685416666666667 0.05558139534883721
2 0.3410625 0.4417248062015504 0.04913541666666667 0.1252519379844961
2 0.55859375 0.26435077519379846 0.04336458333333334 0.11037790697674418
2 0.29565625 0.04528100775193798 0.0274375 0.04979651162790698
2 0.5830104166666668 0.7031298449612403 0.060515624999999997 0.1575
2 0.08178645833333334 0.22733527131782946 0.03359895833333334 0.10253875968992247
2 0.6158854166666666 0.9675387596899225 0.06510416666666667 0.06492248062015504