2 0.105 0.5055555555555555 0.06333333333333334 0.12444444444444444
2 0.17722222222222223 0.5794444444444444 0.07 0.12555555555555556
2 0.2575 0.6155555555555555 0.06944444444444445 0.11333333333333333
2 0.3527777777777778 0.5338888888888889 0.05 0.12111111111111111
2 0.42444444444444446 0.35055555555555556 0.03333333333333333 0.11
2 0.43416666666666665 0.23222222222222222 0.029444444444444443 0.10222222222222223
2 0.525 0.2961111111111111 0.035555555555555556 0.10111111111111111
2 0.6872222222222222 0.31444444444444447 0.03 0.07555555555555556
2 0.6330555555555556 0.21 0.029444444444444443 0.08888888888888889
2 0.595 0.19611111111111112 0.027777777777777776 0.09222222222222222
2 0.6858333333333333 0.17722222222222223 0.02388888888888889 0.07222222222222222
2 0.5730555555555555 0.10222222222222223 0.018333333333333333 0.06222222222222222
2 0.7616666666666667 0.49166666666666664 0.034444444444444444 0.11222222222222222
2 0.8833333333333333 0.5316666666666666 0.04111111111111111 0.07444444444444444
2 0.9133333333333333 0.4711111111111111 0.025555555555555557 0.06666666666666667
2 0.4161111111111111 0.10833333333333334 0.022222222222222223 0.07444444444444444
2 0.455 0.09277777777777778 0.024444444444444446 0.05444444444444444
2 0.4888888888888889 0.09 0.01888888888888889 0.051111111111111114