2 0.48876953125 0.18407067587209303 0.030792236328125 0.05751498909883721
2 0.59326171875 0.2625363372093023 0.0299835205078125 0.08823128633720931
2 0.44140625 0.4878270348837209 0.049224853515625 0.09896211845930232
2 0.391845703125 0.2875181686046512 0.030914306640625 0.08692541787790697
2 0.1513671875 0.07153888081395349 0.0301513671875 0.08283748183139535
2 0.2218017578125 0.5128088662790697 0.033660888671875 0.08113417514534883
2 0.59814453125 0.38767260174418605 0.036834716796875 0.11219113372093023
2 0.04400634765625 0.5754905523255814 0.044677734375 0.09158112281976744
2 0.2119140625 0.6004723837209303 0.036285400390625 0.07131177325581395
2 0.57763671875 0.07278797238372094 0.0265045166015625 0.07886309956395349
2 0.14013671875 0.6563408430232558 0.05633544921875 0.10696765988372094
1 0.49169921875 0.5019077034883721 0.0343017578125 0.1308139534883721
2 0.2171630859375 0.3592841569767442 0.03704833984375 0.0645553234011628
2 0.182861328125 0.3129542151162791 0.0333251953125 0.06841615188953488
2 0.58642578125 0.04241233648255814 0.0218658447265625 0.041220021802325583
2 0.049957275390625 0.0669967296511628 0.03515625 0.061546148255813955
2 0.442626953125 0.7530886627906976 0.04132080078125 0.10100608648255814